# distance[A] totalenergy[ev] bindingenergy[mev]
2.488281194399999841e+00 -4.854751958750641165e+02 4.400825500488281250e-01
2.636938934399999823e+00 -4.857608289622223197e+02 1.544494628906250000e-01
2.794436314399999954e+00 -4.859363164805328665e+02 -2.103805541992187500e-02
2.961298984399999945e+00 -4.860341749094879447e+02 -1.188964843750000000e-01
3.138083814399999838e+00 -4.860784253977691947e+02 -1.631469726562500000e-01
3.238083814399999927e+00 -4.860869588755523978e+02 -1.716804504394531250e-01
3.325380834399999763e+00 -4.860880746745025931e+02 -1.727962493896484375e-01
3.523815104399999676e+00 -4.860769204996979056e+02 -1.616420745849609375e-01
3.734048884399999935e+00 -4.860548868082916556e+02 -1.396083831787109375e-01
3.956783824399999983e+00 -4.860292386912262259e+02 -1.139602661132812500e-01
4.192763274399999851e+00 -4.860046052836334525e+02 -8.932685852050781250e-02
4.442774784400000065e+00 -4.859826898478424368e+02 -6.741142272949218750e-02
4.707652754399999750e+00 -4.859629564188873587e+02 -4.767799377441406250e-02
4.988281194399999841e+00 -4.859453802012359915e+02 -3.010177612304687500e-02
5.285596664399999867e+00 -4.859313764475738822e+02 -1.609802246093750000e-02
5.600591434400000068e+00 -4.859203824900543509e+02 -5.104064941406250000e-03
5.934316774400000050e+00 -4.859152879618561087e+02 -9.536743164062500000e-06
6.287886444399999775e+00 -4.859152765177643118e+02 1.907348632812500000e-06
6.662480464399999747e+00 -4.859152707957184134e+02 7.629394531250000000e-06
7.059349004399999572e+00 -4.859152784251129447e+02 0.000000000000000000e+00
7.479816574400000029e+00 -4.859152746104156790e+02 3.814697265625000000e-06
7.925286454400000125e+00 -4.859152707957184134e+02 7.629394531250000000e-06
8.397245344399999922e+00 -4.859152765177643118e+02 1.907348632812500000e-06
8.897268374400001179e+00 -4.859152727030670462e+02 5.722045898437500000e-06
9.427024324400001376e+00 -4.859152765177643118e+02 1.907348632812500000e-06
9.988281194400000729e+00 -4.859152784251129447e+02 0.000000000000000000e+00
