# C-Distance [A] Energy [eV]
2.488281194399999841e+00 -4.854751958750641165e+02
2.636938934399999823e+00 -4.857608289622223197e+02
2.794436314399999954e+00 -4.859363164805328665e+02
2.961298984399999945e+00 -4.860341749094879447e+02
3.138083814399999838e+00 -4.860784253977691947e+02
3.238083814399999927e+00 -4.860869588755523978e+02
3.325380834399999763e+00 -4.860880746745025931e+02
3.523815104399999676e+00 -4.860769204996979056e+02
3.734048884399999935e+00 -4.860548868082916556e+02
3.956783824399999983e+00 -4.860292386912262259e+02
4.192763274399999851e+00 -4.860046052836334525e+02
4.442774784400000065e+00 -4.859826898478424368e+02
4.707652754399999750e+00 -4.859629564188873587e+02
4.988281194399999841e+00 -4.859453802012359915e+02
5.285596664399999867e+00 -4.859313764475738822e+02
5.600591434400000068e+00 -4.859203824900543509e+02
5.934316774400000050e+00 -4.859152879618561087e+02
6.287886444399999775e+00 -4.859152765177643118e+02
6.662480464399999747e+00 -4.859152707957184134e+02
7.059349004399999572e+00 -4.859152784251129447e+02
7.479816574400000029e+00 -4.859152746104156790e+02
7.925286454400000125e+00 -4.859152707957184134e+02
8.397245344399999922e+00 -4.859152765177643118e+02
8.897268374400001179e+00 -4.859152727030670462e+02
9.427024324400001376e+00 -4.859152765177643118e+02
9.988281194400000729e+00 -4.859152784251129447e+02
