# C-Distance [A] BindingEnergy [eV]
2.488281194399999841e+00 5.364857825406943448e-01
2.636938934399999823e+00 2.340023053984623402e-01
2.794436314399999954e+00 5.622266361751826480e-02
2.961298984399999945e+00 -3.538366225257050246e-02
3.138083814399999838e+00 -7.342663895542500541e-02
3.238083814399999927e+00 -8.136296377051621675e-02
3.325380834399999763e+00 -8.397825775318779051e-02
3.523815104399999676e+00 -8.113463790505193174e-02
3.734048884399999935e+00 -7.035224066203227267e-02
3.956783824399999983e+00 -5.391567305196076632e-02
4.192763274399999851e+00 -3.105677084386115894e-02
4.442774784400000065e+00 -9.325838385848328471e-03
4.707652754399999750e+00 -5.452508848975412548e-04
4.988281194399999841e+00 0.000000000000000000e+00
5.285596664399999867e+00 0.000000000000000000e+00
5.600591434400000068e+00 0.000000000000000000e+00
5.934316774400000050e+00 0.000000000000000000e+00
6.287886444399999775e+00 0.000000000000000000e+00
6.662480464399999747e+00 0.000000000000000000e+00
7.059349004399999572e+00 0.000000000000000000e+00
7.479816574400000029e+00 0.000000000000000000e+00
7.925286454400000125e+00 0.000000000000000000e+00
8.397245344399999922e+00 0.000000000000000000e+00
8.897268374400001179e+00 0.000000000000000000e+00
9.427024324400001376e+00 0.000000000000000000e+00
9.988281194400000729e+00 0.000000000000000000e+00
