# C-Distance [A] Energy [eV]
2.488281194399999841e+00 -5.703456433115543041e+04
2.636938934399999823e+00 -5.703486681463257264e+04
2.794436314399999954e+00 -5.703504459427435359e+04
2.961298984399999945e+00 -5.703513620060022367e+04
3.138083814399999838e+00 -5.703517424357692653e+04
3.238083814399999927e+00 -5.703518217990174162e+04
3.325380834399999763e+00 -5.703518479519572429e+04
3.523815104399999676e+00 -5.703518195157587616e+04
3.734048884399999935e+00 -5.703517116917863314e+04
3.956783824399999983e+00 -5.703515473261102306e+04
4.192763274399999851e+00 -5.703513187370881496e+04
4.442774784400000065e+00 -5.703511014277635695e+04
4.707652754399999750e+00 -5.703510136218885600e+04
4.988281194399999841e+00 -5.703510081693797110e+04
5.285596664399999867e+00 -5.703510081693797110e+04
5.600591434400000068e+00 -5.703510081693797110e+04
5.934316774400000050e+00 -5.703510081693797110e+04
6.287886444399999775e+00 -5.703510081693797110e+04
6.662480464399999747e+00 -5.703510081693797110e+04
7.059349004399999572e+00 -5.703510081693797110e+04
7.479816574400000029e+00 -5.703510081693797110e+04
7.925286454400000125e+00 -5.703510081693797110e+04
8.397245344399999922e+00 -5.703510081693797110e+04
8.897268374400001179e+00 -5.703510081693797110e+04
9.427024324400001376e+00 -5.703510081693797110e+04
9.988281194400000729e+00 -5.703510081693797110e+04
