2.4882811944 -56996.2137353400 0.3556969324
2.6369389344 -56996.4774019144 0.0920303580
2.7944363144 -56996.6332942918 -0.0638620194
2.9612989844 -56996.7143163929 -0.1448841205
3.1380838144 -56996.7462795187 -0.1768472463
3.2380838144 -56996.7500611726 -0.1806289002
3.3253808344 -56996.7481735752 -0.1787413028
3.5238151044 -56996.7333701153 -0.1639378429
3.7340488844 -56996.7107491357 -0.1413168633
3.9567838244 -56996.6859229007 -0.1164906283
4.1927632744 -56996.6621532004 -0.0927209280
4.4427747844 -56996.6411696593 -0.0717373869
4.7076527544 -56996.6236152692 -0.0541829968
4.9882811944 -56996.6095147638 -0.0400824914
5.2855966644 -56996.5985292362 -0.0290969638
5.6005914344 -56996.5901334877 -0.0207012153
5.9343167744 -56996.5838821571 -0.0144498847
9.9882811944 -56996.5694322724 0.0000000000
