2.488281194399999841e+00 -5.699319074465899757e+04 
2.636938934399999823e+00 -5.699346682205099933e+04 
2.794436314399999954e+00 -5.699363063939299900e+04 
2.961298984399999945e+00 -5.699371613237600104e+04 
3.138083814399999838e+00 -5.699375160303199664e+04 
3.238083814399999927e+00 -5.699375747501099977e+04 
3.325380834399999763e+00 -5.699375753425800212e+04 
3.523815104399999676e+00 -5.699374746397099807e+04 
3.734048884399999935e+00 -5.699372967727200012e+04 
3.956783824399999983e+00 -5.699370902443899831e+04 
4.192763274399999851e+00 -5.699368844099599664e+04 
4.442774784400000065e+00 -5.699366973311000038e+04 
4.707652754399999750e+00 -5.699365381059599895e+04 
4.988281194399999841e+00 -5.699364096973700362e+04 
5.285596664399999867e+00 -5.699363098828399961e+04 
5.600591434400000068e+00 -5.699362340140900051e+04 
5.934316774400000050e+00 -5.699361776440399990e+04 
9.988281194400000729e+00 -5.699360396065699751e+04 
