2.4882811944  -56996.2137353400 
2.6369389344  -56996.4774019144 
2.7944363144  -56996.6332942918 
2.9612989844  -56996.7143163929 
3.1380838144  -56996.7462795187 
3.2380838144  -56996.7500611726 
3.3253808344  -56996.7481735752 
3.5238151044  -56996.7333701153 
3.7340488844  -56996.7107491357 
3.9567838244  -56996.6859229007 
4.1927632744  -56996.6621532004 
4.4427747844  -56996.6411696593 
4.7076527544  -56996.6236152692 
4.9882811944  -56996.6095147638 
5.2855966644  -56996.5985292362 
5.6005914344  -56996.5901334877 
5.9343167744  -56996.5838821571 
9.9882811944  -56996.5694322724 
