2.4882811944 -56991.1469453400
2.6369389344 -56991.4329419144
2.7944363144 -56991.6128942918
2.9612989844 -56991.7194963929
3.1380838144 -56991.7781495187
3.2380838144 -56991.7966311726
3.3253808344 -56991.8072235752
3.5238151044 -56991.8192601153
3.7340488844 -56991.8222191357
3.9567838244 -56991.8208529007
4.1927632744 -56991.8178032004
4.4427747844 -56991.8144896593
4.7076527544 -56991.8115452692
4.9882811944 -56991.8092347638
5.2855966644 -56991.8075592362
5.6005914344 -56991.8064134877
5.9343167744 -56991.8057121571
9.9882811944 -56991.8049322724
