# Distance(A) TotalEnergy(eV) BindingEnergy(eV)
2.50000000 -474.39715576 0.67340088
2.81250000 -474.79043579 0.28012085
3.12500000 -474.94085693 0.12969971
3.43750000 -474.99160767 0.07894897
3.75000000 -475.00369263 0.06686401
4.06250000 -475.02505493 0.04550171
4.37500000 -475.03988647 0.03067017
4.68750000 -475.05279541 0.01776123
5.00000000 -475.06536865 0.00518799
5.31250000 -475.07025146 0.00030518
5.62500000 -475.07055664 0.00000000
5.93750000 -475.07055664 0.00000000
6.25000000 -475.07055664 0.00000000
6.56250000 -475.07055664 0.00000000
6.87500000 -475.07055664 0.00000000
7.18750000 -475.07055664 0.00000000
7.50000000 -475.07055664 0.00000000
7.81250000 -475.07055664 0.00000000
8.12500000 -475.07055664 0.00000000
8.43750000 -475.07055664 0.00000000
8.75000000 -475.07055664 0.00000000
9.06250000 -475.07055664 0.00000000
9.37500000 -475.07055664 0.00000000
9.68750000 -475.07055664 0.00000000
10.00000000 -475.07055664 0.00000000
