# Distance[A]   TotalEnergy[eV]    BindingEnergy[eV]
2.4883   -470.11807983     0.42104069
2.6369   -470.40927782     0.12984270
2.7944   -470.57995205     -0.04083153
2.9613   -470.66574092     -0.12662040
3.1381   -470.69757303     -0.15845251
3.3254   -470.69869033     -0.15956981
3.5238   -470.68475034     -0.14562982
3.7340   -470.66509509     -0.12597457
3.9568   -470.64444961     -0.10532909
4.1928   -470.62494050     -0.08581998
4.4428   -470.60746703     -0.06834651
4.7077   -470.59242376     -0.05330324
4.9883   -470.57993266     -0.04081214
5.2856   -470.56985898     -0.03073846
5.6006   -470.56194649     -0.02282597
5.9343   -470.55585902     -0.01673850
6.2879   -470.55122182     -0.01210130
6.6625   -470.54771003     -0.00858951
7.0593   -470.54505830     -0.00593778
7.4798   -470.54305794     -0.00393742
7.9253   -470.54156646     -0.00244594
8.3972   -470.54048276     -0.00136224
8.8973   -470.53973678     -0.00061626
9.4270   -470.53928227     -0.00016175
9.9883   -470.53912052     0.00000000
