# Distance(A) TotalEnergy(eV) BindingEnergy(eV)
2.50000000 -476.92953502 0.34577751
2.81250000 -477.30088626 -0.02557373
3.12500000 -477.40810882 -0.13279629
3.43750000 -477.41686641 -0.14155388
3.75000000 -477.39325629 -0.11794376
4.06250000 -477.36237727 -0.08706474
4.37500000 -477.33198272 -0.05667019
4.68750000 -477.30956470 -0.03425217
5.00000000 -477.29703342 -0.02172089
5.31250000 -477.29018890 -0.01487637
5.62500000 -477.28701411 -0.01170158
5.93750000 -477.28299056 -0.00767803
6.25000000 -477.27778064 -0.00246811
6.56250000 -477.27531253 0.00000000
6.87500000 -477.27531253 0.00000000
7.18750000 -477.27531062 0.00000191
7.50000000 -477.27531348 -0.00000095
7.81250000 -477.27531348 -0.00000095
8.12500000 -477.27531253 0.00000000
8.43750000 -477.27531062 0.00000191
8.75000000 -477.27531253 0.00000000
9.06250000 -477.27531348 -0.00000095
9.37500000 -477.27531348 -0.00000095
9.68750000 -477.27531348 -0.00000095
10.00000000 -477.27531253 0.00000000
