# C-Distance [A] TotalEnergy [eV] BindingEnergy [eV]
2.488281194399999841e+00 -4.267048013500000252e+02 3.441546299999913572e-01
2.636938934399999823e+00 -4.269554280599999743e+02 9.352792000004228612e-02
2.794436314399999954e+00 -4.271023693800000274e+02 -5.341340000001082444e-02
2.961298984399999945e+00 -4.271775862499999903e+02 -1.286302699999737342e-01
3.138083814399999838e+00 -4.272061156199999914e+02 -1.571596399999748428e-01
3.238083814399999927e+00 -4.272088655700000004e+02 -1.599095899999838366e-01
3.325380834399999763e+00 -4.272064640899999972e+02 -1.575081099999806611e-01
3.523815104399999676e+00 -4.271915119600000139e+02 -1.425559799999973620e-01
3.734048884399999935e+00 -4.271697646499999905e+02 -1.208086699999739722e-01
3.956783824399999983e+00 -4.271464740999999776e+02 -9.751811999996107261e-02
4.192763274399999851e+00 -4.271246107100000131e+02 -7.565472999999656167e-02
4.442774784400000065e+00 -4.271056380900000136e+02 -5.668210999999701016e-02
4.707652754399999750e+00 -4.270901611799999955e+02 -4.120519999997895866e-02
4.988281194399999841e+00 -4.270782161700000188e+02 -2.926019000000223969e-02
5.285596664399999867e+00 -4.270693964499999993e+02 -2.044046999998272440e-02
5.600591434400000068e+00 -4.270631645199999866e+02 -1.420853999997007122e-02
5.934316774400000050e+00 -4.270588960000000043e+02 -9.940019999987725896e-03
6.287886444399999775e+00 -4.270559768100000042e+02 -7.020829999987654446e-03
6.662480464399999747e+00 -4.270539490699999874e+02 -4.993089999970834469e-03
7.059349004399999572e+00 -4.270525009599999748e+02 -3.544979999958286498e-03
7.479816574400000029e+00 -4.270514398099999767e+02 -2.483829999960107671e-03
7.925286454400000125e+00 -4.270506461599999852e+02 -1.690179999968677294e-03
8.397245344399999922e+00 -4.270500446199999942e+02 -1.088639999977658590e-03
8.897268374400001179e+00 -4.270495744799999898e+02 -6.184999999732099241e-04
9.427024324400001376e+00 -4.270492186100000254e+02 -2.626300000088122033e-04
9.988281194400000729e+00 -4.270489559800000166e+02 0.000000000000000000e+00
