# C-Distance [A] TotalEnergy [eV] BindingEnergy [eV]
2.488281194399999841e+00 -3.931240776899999787e+02 4.901779099999998834e-01
2.636938934399999823e+00 -3.934408844600000066e+02 1.733711399999720015e-01
2.794436314399999954e+00 -3.936343703499999833e+02 -2.011475000000473301e-02
2.961298984399999945e+00 -3.937396035900000015e+02 -1.253479900000229463e-01
3.138083814399999838e+00 -3.937849911000000134e+02 -1.707355000000347900e-01
3.238083814399999927e+00 -3.937925887100000182e+02 -1.783331100000395963e-01
3.325380834399999763e+00 -3.937924633499999914e+02 -1.782077500000127657e-01
3.523815104399999676e+00 -3.937781830100000207e+02 -1.639274100000420731e-01
3.734048884399999935e+00 -3.937535008099999914e+02 -1.392452100000127757e-01
3.956783824399999983e+00 -3.937258752899999763e+02 -1.116196899999977177e-01
4.192763274399999851e+00 -3.936997016899999835e+02 -8.544609000000491505e-02
4.442774784400000065e+00 -3.936771140600000081e+02 -6.285846000002948131e-02
4.707652754399999750e+00 -3.936589852000000178e+02 -4.472960000003922687e-02
4.988281194399999841e+00 -3.936453467800000112e+02 -3.109118000003263660e-02
5.285596664399999867e+00 -3.936355485500000100e+02 -2.129295000003139648e-02
5.600591434400000068e+00 -3.936288251899999864e+02 -1.456959000000779270e-02
5.934316774400000050e+00 -3.936243491100000256e+02 -1.009351000004699017e-02
6.287886444399999775e+00 -3.936213577600000235e+02 -7.102160000044932531e-03
6.662480464399999747e+00 -3.936193058999999721e+02 -5.050299999993512756e-03
7.059349004399999572e+00 -3.936178465599999754e+02 -3.590959999996812257e-03
7.479816574400000029e+00 -3.936167759300000171e+02 -2.520330000038484286e-03
7.925286454400000125e+00 -3.936159726299999875e+02 -1.717030000008890056e-03
8.397245344399999922e+00 -3.936153618700000152e+02 -1.106270000036602141e-03
8.897268374400001179e+00 -3.936148843999999940e+02 -6.288000000154170266e-04
9.427024324400001376e+00 -3.936145223899999905e+02 -2.667900000119516335e-04
9.988281194400000729e+00 -3.936142555999999786e+02 0.000000000000000000e+00
