# Distance[A]   TotalEnergy[eV]    BindingEnergy[eV]
2.4883   -57047.48351730     0.42867331
2.6369   -57047.75655532     0.15563530
2.7944   -57047.92119387     -0.00900326
2.9613   -57048.00948624     -0.09729562
3.1381   -57048.04703120     -0.13484058
3.3254   -57048.05325910     -0.14106848
3.5238   -57048.04227307     -0.13008246
3.7340   -57048.02361134     -0.11142073
3.9568   -57048.00322390     -0.09103328
4.1928   -57047.98437326     -0.07218265
4.4428   -57047.96848718     -0.05629656
4.7077   -57047.95583669     -0.04364607
4.9883   -57047.94617743     -0.03398681
5.2856   -57047.93896629     -0.02677567
5.6006   -57047.93355025     -0.02135963
5.9343   -57047.92948969     -0.01729908
6.2879   -57047.92632910     -0.01413849
6.6625   -57047.92387404     -0.01168343
7.0593   -57047.91880636     -0.00661574
7.4798   -57047.89549352     0.01669710
7.9253   -57047.87845934     0.03373128
8.3972   -57047.91509096     -0.00290035
8.8973   -57047.91566324     -0.00347262
9.4270   -57047.91314021     -0.00094959
9.9883   -57047.91219062     0.00000000
