# Distance[A]   TotalEnergy[eV]    BindingEnergy[eV]
2.4883   -486.06144377     0.43188981
2.6369   -486.33946542     0.15386816
2.7944   -486.50904583     -0.01571225
2.9613   -486.60185570     -0.10852212
3.1381   -486.64392643     -0.15059285
3.3254   -486.65427432     -0.16094074
3.5238   -486.64586573     -0.15253215
3.7340   -486.62761308     -0.13427950
3.9568   -486.60554709     -0.11221351
4.1928   -486.58348056     -0.09014698
4.4428   -486.56358651     -0.07025293
4.7077   -486.54687652     -0.05354294
4.9883   -486.53352448     -0.04019090
5.2856   -486.52318666     -0.02985308
5.6006   -486.51533370     -0.02200012
5.9343   -486.50942171     -0.01608813
6.2879   -486.50497288     -0.01163930
6.6625   -486.50161260     -0.00827902
7.0593   -486.49907186     -0.00573828
7.4798   -486.49714788     -0.00381430
7.9253   -486.49570772     -0.00237414
8.3972   -486.49465784     -0.00132426
8.8973   -486.49393356     -0.00059998
9.4270   -486.49349110     -0.00015752
9.9883   -486.49333358     0.00000000
