# C-Distance [A] TotalEnergy [eV] BindingEnergy [eV]
2.488281194399999841e+00 -5.246574009099999785e+02 3.457133599999906437e-01
2.636938934399999823e+00 -5.249207198699999708e+02 8.239439999999831343e-02
2.794436314399999954e+00 -5.250732462199999873e+02 -7.013195000001815060e-02
2.961298984399999945e+00 -5.251491101100000378e+02 -1.459958400000687107e-01
3.138083814399999838e+00 -5.251753951399999778e+02 -1.722808700000086901e-01
3.238083814399999927e+00 -5.251763784800000394e+02 -1.732642100000703067e-01
3.325380834399999763e+00 -5.251724107500000400e+02 -1.692964800000709147e-01
3.523815104399999676e+00 -5.251543889399999898e+02 -1.512746700000207056e-01
3.734048884399999935e+00 -5.251305749599999899e+02 -1.274606900000208043e-01
3.956783824399999983e+00 -5.251064248100000214e+02 -1.033105400000522422e-01
4.192763274399999851e+00 -5.250847091800000044e+02 -8.159491000003527006e-02
4.442774784400000065e+00 -5.250665213400000084e+02 -6.340707000003931171e-02
4.707652754399999750e+00 -5.250519297800000231e+02 -4.881551000005401875e-02
4.988281194399999841e+00 -5.250405173299999433e+02 -3.740305999997417530e-02
5.285596664399999867e+00 -5.250317198400000507e+02 -2.860557000008157047e-02
5.600591434400000068e+00 -5.250249564900000223e+02 -2.184222000005320297e-02
5.934316774400000050e+00 -5.250197405999999773e+02 -1.662633000000823813e-02
6.287886444399999775e+00 -5.250156960199999503e+02 -1.258174999998118437e-02
6.662480464399999747e+00 -5.250125379400000156e+02 -9.423670000046513451e-03
7.059349004399999572e+00 -5.250100579500000322e+02 -6.943680000063068292e-03
7.479816574400000029e+00 -5.250081073300000298e+02 -4.993060000060722814e-03
7.925286454400000125e+00 -5.250065741700000217e+02 -3.459900000052584801e-03
8.397245344399999922e+00 -5.250053665000000365e+02 -2.252230000067356741e-03
8.897268374400001179e+00 -5.250044125599999916e+02 -1.298290000022461754e-03
9.427024324400001376e+00 -5.250036716099999694e+02 -5.573400000002948218e-04
9.988281194400000729e+00 -5.250031142699999691e+02 0.000000000000000000e+00
