# C-Distance [A] Energy [eV]
2.488281194399999841e+00 -4.867714166888849263e+02
2.636938934399999823e+00 -4.870650324664571258e+02
2.794436314399999954e+00 -4.872605728939726646e+02
2.961298984399999945e+00 -4.874028781472587752e+02
3.138083814399999838e+00 -4.875043184672973666e+02
3.238083814399999927e+00 -4.875408511706145873e+02
3.325380834399999763e+00 -4.875611918760298522e+02
3.523815104399999676e+00 -4.875739482364842274e+02
3.734048884399999935e+00 -4.875531340384316081e+02
3.956783824399999983e+00 -4.875119037833118796e+02
4.192763274399999851e+00 -4.874718064026884576e+02
4.442774784400000065e+00 -4.874331379385757828e+02
4.707652754399999750e+00 -4.873927525512174270e+02
4.988281194399999841e+00 -4.873401855229878947e+02
5.285596664399999867e+00 -4.872755517682841173e+02
5.600591434400000068e+00 -4.871935093511836499e+02
5.934316774400000050e+00 -4.871581158891224277e+02
6.287886444399999775e+00 -4.871540677069367575e+02
6.662480464399999747e+00 -4.871508721249709311e+02
7.059349004399999572e+00 -4.871483539792617421e+02
7.479816574400000029e+00 -4.871463711744369220e+02
7.925286454400000125e+00 -4.871448100823286040e+02
8.397245344399999922e+00 -4.871435796254194770e+02
8.897268374400001179e+00 -4.871426109238801132e+02
9.427024324400001376e+00 -4.871418480143569241e+02
9.988281194400000729e+00 -4.871412473529019849e+02
