# C-Distance [A] BindingEnergy [eV]
2.398184124399999728e+00 6.547427334953681566e-01
2.545224174399999928e+00 2.942156934950617142e-01
2.701272874399999857e+00 6.882153380138333887e-02
2.866882164399999766e+00 -5.927973950019804761e-02
3.042637784399999656e+00 -1.210899502984830178e-01
3.229161374399999840e+00 -1.407224126014625654e-01
3.295260524399999724e+00 -1.411071273978450336e-01
3.427112644399999741e+00 -1.359314068031380884e-01
3.637191724400000048e+00 -1.191432265040930361e-01
3.860141664399999950e+00 -9.827191800286527723e-02
4.096751004399999729e+00 -7.796003830299014226e-02
4.347856614399999486e+00 -6.037483410182176158e-02
4.614346634399999481e+00 -4.622439470404060557e-02
4.897163614400000142e+00 -3.534242499881656840e-02
5.197307844400000043e+00 -2.724603810202097520e-02
5.515840924399999956e+00 -2.122180250444216654e-02
5.853889474399999848e+00 -1.673165929969400167e-02
6.212649134399999440e+00 -1.332532650121720508e-02
6.593388814399999909e+00 -1.062752839789027348e-02
6.997455144399999938e+00 -7.290513698535505682e-03
7.426277284400000234e+00 1.433842769620241597e-02
7.881371934399999724e+00 3.419742680125636980e-02
8.364348734400000041e+00 -3.279300304711796343e-03
8.876915914400001384e+00 -3.127051102637778968e-03
9.420886384400001035e+00 -6.633552038692869246e-04
9.998184124400001593e+00 0.000000000000000000e+00
