# C-Distance [A] BindingEnergy [eV]
2.398184124399999728e+00 7.519083399999999529e-01
2.545224174399999928e+00 3.359721100000001570e-01
2.701272874399999857e+00 7.256060999998226180e-02
2.866882164399999766e+00 -7.934769000002006578e-02
3.042637784399999656e+00 -1.538862799999947129e-01
3.229161374399999840e+00 -1.779888300000038726e-01
3.295260524399999724e+00 -1.784602000000177213e-01
3.427112644399999741e+00 -1.718638899999973546e-01
3.637191724400000048e+00 -1.499902499999734573e-01
3.860141664399999950e+00 -1.221200800000019626e-01
4.096751004399999729e+00 -9.426817999997183506e-02
4.347856614399999486e+00 -6.955346000000872664e-02
4.614346634399999481e+00 -4.931936999997788007e-02
4.897163614400000142e+00 -3.391722999998592059e-02
5.197307844400000043e+00 -2.280741999999236214e-02
5.515840924399999956e+00 -1.516831999998657921e-02
5.853889474399999848e+00 -1.012758000001667824e-02
6.212649134399999440e+00 -6.817420000004403846e-03
6.593388814399999909e+00 -4.604019999987940537e-03
6.997455144399999938e+00 -3.077430000018921419e-03
7.426277284400000234e+00 -1.987880000001496228e-03
7.881371934399999724e+00 -1.208870000027673086e-03
8.364348734400000041e+00 -6.638300000076924334e-04
8.876915914400001384e+00 -2.980099999945196032e-04
9.420886384400001035e+00 -7.613000002493208740e-05
9.998184124400001593e+00 0.000000000000000000e+00

