# C-Distance [A] BindingEnergy [eV]
2.488281194399999841e+00 4.286733117041876540e-01
2.636938934399999823e+00 1.556352996049099602e-01
2.794436314399999954e+00 -9.003256498544942588e-03
2.961298984399999945e+00 -9.729562039865413681e-02
3.138083814399999838e+00 -1.348405843018554151e-01
3.325380834399999763e+00 -1.410684844013303518e-01
3.523815104399999676e+00 -1.300824595018639229e-01
3.734048884399999935e+00 -1.114207272985368036e-01
3.956783824399999983e+00 -9.103327980119502172e-02
4.192763274399999851e+00 -7.218264829862164333e-02
4.442774784400000065e+00 -5.629656380187952891e-02
4.707652754399999750e+00 -4.364607089519267902e-02
4.988281194399999841e+00 -3.398681269754888490e-02
5.285596664399999867e+00 -2.677567429782357067e-02
5.600591434400000068e+00 -2.135963259934214875e-02
5.934316774400000050e+00 -1.729907709523104131e-02
6.287886444399999775e+00 -1.413848539959872141e-02
6.662480464399999747e+00 -1.168342789605958387e-02
7.059349004399999572e+00 -6.615744598093442619e-03
7.479816574400000029e+00 1.669709540146868676e-02
7.925286454400000125e+00 3.373127739905612543e-02
8.397245344399999922e+00 -2.900347295508254319e-03
8.897268374400001179e+00 -3.472622898698318750e-03
9.427024324400001376e+00 -9.495913982391357422e-04
9.988281194400000729e+00 0.000000000000000000e+00
