# C-Distance [A] BindingEnergy [eV]
2.488281194399999841e+00 4.910866800000235344e-01
2.636938934399999823e+00 1.742779500000324333e-01
2.794436314399999954e+00 -1.921280999999908090e-02
2.961298984399999945e+00 -1.244494999999687934e-01
3.138083814399999838e+00 -1.698408899999890309e-01
3.325380834399999763e+00 -1.773161200000004101e-01
3.523815104399999676e+00 -1.630398599999693943e-01
3.734048884399999935e+00 -1.383608300000105373e-01
3.956783824399999983e+00 -1.107389499999840154e-01
4.192763274399999851e+00 -8.456658000000061293e-02
4.442774784400000065e+00 -6.198578999999426742e-02
4.707652754399999750e+00 -4.386704000000918313e-02
4.988281194399999841e+00 -3.023848999998790532e-02
5.285596664399999867e+00 -2.045429999998304993e-02
5.600591434400000068e+00 -1.374925999999732085e-02
5.934316774400000050e+00 -9.294099999976879189e-03
6.287886444399999775e+00 -6.333349999977144762e-03
6.662480464399999747e+00 -4.316899999992074299e-03
7.059349004399999572e+00 -2.905510000005051552e-03
7.479816574400000029e+00 -1.889489999996385450e-03
7.925286454400000125e+00 -1.155960000005507027e-03
8.397245344399999922e+00 -6.377999999926942110e-04
8.897268374400001179e+00 -2.886300000000119326e-04
9.427024324400001376e+00 -7.541999997329185135e-05
9.988281194400000729e+00 0.000000000000000000e+00
