# C-Distance [A] BindingEnergy [eV]
2.398184124399999728e+00 5.168905000000449945e-01
2.545224174399999928e+00 1.811468099999729020e-01
2.701272874399999857e+00 -1.831360000005588518e-02
2.866882164399999766e+00 -1.211732699999856777e-01
3.042637784399999656e+00 -1.608264400000507521e-01
3.229161374399999840e+00 -1.627745099999629019e-01
3.295260524399999724e+00 -1.581902599999693848e-01
3.427112644399999741e+00 -1.450499000000036176e-01
3.637191724400000048e+00 -1.198554999999714710e-01
3.860141664399999950e+00 -9.425642999997307925e-02
4.096751004399999729e+00 -7.172563999995418271e-02
4.347856614399999486e+00 -5.353853999997681967e-02
4.614346634399999481e+00 -3.968424000004233676e-02
4.897163614400000142e+00 -2.941806000001179200e-02
5.197307844400000043e+00 -2.186046999997870444e-02
5.515840924399999956e+00 -1.638051999998424435e-02
5.853889474399999848e+00 -1.222245999997539911e-02
6.212649134399999440e+00 -9.068410000054427655e-03
6.593388814399999909e+00 -6.624399999964225572e-03
6.997455144399999938e+00 -4.721340000060081366e-03
7.426277284400000234e+00 -3.205750000006446498e-03
7.881371934399999724e+00 -2.031719999990855285e-03
8.364348734400000041e+00 -1.210399999990841025e-03
8.876915914400001384e+00 -5.061199999545351602e-04
9.420886384400001035e+00 -1.708600000256410567e-04
9.998184124400001593e+00 0.000000000000000000e+00

