# C-Distance [A] BindingEnergy [eV]
2.488281194399999841e+00 3.073112899999159708e-01
2.636938934399999823e+00 5.903906999992614146e-02
2.794436314399999954e+00 -8.052500000007967174e-02
2.961298984399999945e+00 -1.457054200000129640e-01
3.138083814399999838e+00 -1.637166100000513325e-01
3.325380834399999763e+00 -1.550767300000188698e-01
3.523815104399999676e+00 -1.336128699999790115e-01
3.734048884399999935e+00 -1.087674200000492419e-01
3.956783824399999983e+00 -8.461397000007764291e-02
4.192763274399999851e+00 -6.429128000002037879e-02
4.442774784400000065e+00 -4.836272000000008120e-02
4.707652754399999750e+00 -3.595024000003377296e-02
4.988281194399999841e+00 -2.691207999998823652e-02
5.285596664399999867e+00 -2.012573000001793844e-02
5.600591434400000068e+00 -1.536566000004313537e-02
5.934316774400000050e+00 -1.158968000004279020e-02
6.287886444399999775e+00 -8.490180000080727041e-03
6.662480464399999747e+00 -6.211350000057791476e-03
7.059349004399999572e+00 -4.541669999980513239e-03
7.479816574400000029e+00 -2.988449999975273386e-03
7.925286454400000125e+00 -2.156399999989844218e-03
8.397245344399999922e+00 -1.259310000023106113e-03
8.897268374400001179e+00 -4.550400000198351336e-04
9.427024324400001376e+00 -5.067000006420130376e-05
9.988281194400000729e+00 0.000000000000000000e+00

