# C-Distance [A] TotalEnergy [eV] BindingEnergy [eV]
2.398184124399999728e+00 -5.253698814800000036e+02 5.152321199999505552e-01
2.545224174399999928e+00 -5.257057482699999582e+02 1.793653299999959927e-01
2.701272874399999857e+00 -5.259051433199999792e+02 -2.002972000002500863e-02
2.866882164399999766e+00 -5.260080217199999879e+02 -1.229081200000337049e-01
3.042637784399999656e+00 -5.260474159300000565e+02 -1.623023300001023017e-01
3.229161374399999840e+00 -5.260493318699999463e+02 -1.642182699999921169e-01
3.295260524399999724e+00 -5.260452067999999599e+02 -1.600932000000057087e-01
3.427112644399999741e+00 -5.260319839700000557e+02 -1.468703700001015022e-01
3.637191724400000048e+00 -5.260065241199999946e+02 -1.214105200000403784e-01
3.860141664399999950e+00 -5.259811475899999778e+02 -9.603399000002355024e-02
4.096751004399999729e+00 -5.259584659399999964e+02 -7.335234000004220434e-02
4.347856614399999486e+00 -5.259402967900000476e+02 -5.518319000009341835e-02
4.614346634399999481e+00 -5.259261856399999715e+02 -4.107204000001729582e-02
4.897163614400000142e+00 -5.259159135500000275e+02 -3.079995000007329509e-02
5.197307844400000043e+00 -5.259087425400000484e+02 -2.362894000009418960e-02
5.515840924399999956e+00 -5.259032006899999487e+02 -1.808708999999453226e-02
5.853889474399999848e+00 -5.258988504000000148e+02 -1.373680000006061164e-02
6.212649134399999440e+00 -5.258958388600000262e+02 -1.072526000007201219e-02
6.593388814399999909e+00 -5.258931758799999443e+02 -8.062279999990096258e-03
6.997455144399999938e+00 -5.258913187000000562e+02 -6.205100000101992919e-03
7.426277284400000234e+00 -5.258895638300000428e+02 -4.450230000088595261e-03
7.881371934399999724e+00 -5.258883871499999714e+02 -3.273550000017166894e-03
8.364348734400000041e+00 -5.258868953500000316e+02 -1.781750000077408913e-03
8.876915914400001384e+00 -5.258860493299999916e+02 -9.357300000374380033e-04
9.420886384400001035e+00 -5.258855439699999579e+02 -4.303700000036769779e-04
9.998184124400001593e+00 -5.258851135999999542e+02 0.000000000000000000e+00
