# C-Distance [A] TotalEnergy [eV] BindingEnergy [eV]
2.398184124399999728e+00 -3.928669110399999909e+02 7.509913100000176200e-01
2.545224174399999928e+00 -3.932828418500000112e+02 3.350604999999973188e-01
2.701272874399999857e+00 -3.935462484000000245e+02 7.165394999998397907e-02
2.866882164399999766e+00 -3.936981524799999761e+02 -8.025012999996761209e-02
3.042637784399999656e+00 -3.937726853799999844e+02 -1.547830299999759518e-01
3.229161374399999840e+00 -3.937967841700000236e+02 -1.788818200000150682e-01
3.295260524399999724e+00 -3.937972558899999740e+02 -1.793535399999655056e-01
3.427112644399999741e+00 -3.937906582499999786e+02 -1.727558999999700973e-01
3.637191724400000048e+00 -3.937687793100000135e+02 -1.508769600000050559e-01
3.860141664399999950e+00 -3.937409052099999940e+02 -1.230028599999855032e-01
4.096751004399999729e+00 -3.937130509799999913e+02 -9.514862999998285886e-02
4.347856614399999486e+00 -3.936883328100000199e+02 -7.043046000001140783e-02
4.614346634399999481e+00 -3.936680897100000038e+02 -5.018735999999535125e-02
4.897163614400000142e+00 -3.936526763900000105e+02 -3.477404000000205997e-02
5.197307844400000043e+00 -3.936415532899999903e+02 -2.365093999998180152e-02
5.515840924399999956e+00 -3.936338964400000009e+02 -1.599408999999241132e-02
5.853889474399999848e+00 -3.936288355199999955e+02 -1.093316999998705796e-02
6.212649134399999440e+00 -3.936254973599999971e+02 -7.595009999988633353e-03
6.593388814399999909e+00 -3.936232479299999909e+02 -5.345579999982419395e-03
6.997455144399999938e+00 -3.936216753400000243e+02 -3.772990000015852274e-03
7.426277284400000234e+00 -3.936205315799999767e+02 -2.629229999968174525e-03
7.881371934399999724e+00 -3.936196841700000277e+02 -1.781820000019251893e-03
8.364348734400000041e+00 -3.936190437000000202e+02 -1.141350000011698285e-03
8.876915914400001384e+00 -3.936185503300000050e+02 -6.479799999965507595e-04
9.420886384400001035e+00 -3.936181756600000199e+02 -2.733100000114063732e-04
9.998184124400001593e+00 -3.936179023500000085e+02 0.000000000000000000e+00
