# C-Distance [A] TotalEnergy [eV] BindingEnergy [eV]
2.398184124399999728e+00 -5.704726108389919682e+04 6.536488779020146467e-01
2.545224174399999928e+00 -5.704762160557280004e+04 2.931272042987984605e-01
2.701272874399999857e+00 -5.704784699465629819e+04 6.773812080064089969e-02
2.866882164399999766e+00 -5.704797509054769762e+04 -6.035777059878455475e-02
3.042637784399999656e+00 -5.704803689461189788e+04 -1.221618347990442999e-01
3.229161374399999840e+00 -5.704805652029669727e+04 -1.417875195984379388e-01
3.295260524399999724e+00 -5.704805690270989726e+04 -1.421699327984242700e-01
3.427112644399999741e+00 -5.704805172224310081e+04 -1.369894660019781440e-01
3.637191724400000048e+00 -5.704803492619370081e+04 -1.201934166019782424e-01
3.860141664399999950e+00 -5.704801404591969913e+04 -9.931314260029466823e-02
4.096751004399999729e+00 -5.704799372384440358e+04 -7.899106730474159122e-02
4.347856614399999486e+00 -5.704797612612450030e+04 -6.139334740146296099e-02
4.614346634399999481e+00 -5.704796196107479773e+04 -4.722829769889358431e-02
4.897163614400000142e+00 -5.704795106129779742e+04 -3.632852069858927280e-02
5.197307844400000043e+00 -5.704794293847829977e+04 -2.820570120093179867e-02
5.515840924399999956e+00 -5.704793688874650252e+04 -2.215596940368413925e-02
5.853889474399999848e+00 -5.704793236642549891e+04 -1.763364840007852763e-02
6.212649134399999440e+00 -5.704792891315150337e+04 -1.418037440453190356e-02
6.593388814399999909e+00 -5.704792609537360113e+04 -1.136259650229476392e-02
6.997455144399999938e+00 -5.704792380337040231e+04 -9.070593303476925939e-03
7.426277284400000234e+00 -5.704792174121920107e+04 -7.008442102232947946e-03
7.881371934399999724e+00 -5.704792024025430146e+04 -5.507477202627342194e-03
8.364348734400000041e+00 -5.704791910192790237e+04 -4.369150803540833294e-03
8.876915914400001384e+00 -5.704791807452069770e+04 -3.341743598866742104e-03
9.420886384400001035e+00 -5.704791543200559681e+04 -6.992284979787655175e-04
9.998184124400001593e+00 -5.704791473277709883e+04 0.000000000000000000e+00
