# Distance[A]   TotalEnergy[eV]    BindingEnergy[eV]
2.4883   -484.09327802     0.67475606
2.6369   -484.37908560     0.38894848
2.7944   -484.56175334     0.20628074
2.9613   -484.67225458     0.09577950
3.1381   -484.73475846     0.03327562
3.3254   -484.76703881     0.00099527
3.5238   -484.78131807     -0.01328399
3.7340   -484.78555114     -0.01751706
3.9568   -484.78468195     -0.01664787
4.1928   -484.78165487     -0.01362079
4.4428   -484.77810599     -0.01007191
4.7077   -484.77488507     -0.00685099
4.9883   -484.77235931     -0.00432523
5.2856   -484.77057389     -0.00253981
5.6006   -484.76942404     -0.00138996
5.9343   -484.76874584     -0.00071176
6.2879   -484.76837408     -0.00034000
6.6625   -484.76818169     -0.00014761
7.0593   -484.76809227     -0.00005819
7.4798   -484.76805066     -0.00001658
7.9253   -484.76803535     -0.00000127
8.3972   -484.76803440     -0.00000032
8.8973   -484.76803920     -0.00000512
9.4270   -484.76803681     -0.00000273
9.9883   -484.76803408     0.00000000
