# Distance(A) TotalEnergy(eV) BindingEnergy(eV)
2.50000000 -53980.23905091 0.27267380
2.81250000 -53980.44380139 0.06792333
3.12500000 -53980.47699826 0.03472646
3.43750000 -53980.49503002 0.01669470
3.75000000 -53980.47447452 0.03725020
4.06250000 -53980.44573999 0.06598472
4.37500000 -53980.48328168 0.02844304
4.68750000 -53980.50727847 0.00444625
5.00000000 -53980.51172321 0.00000151
5.31250000 -53980.51172472 0.00000000
5.62500000 -53980.51172472 0.00000000
5.93750000 -53980.51172472 0.00000000
6.25000000 -53980.51172472 0.00000000
6.56250000 -53980.51172472 0.00000000
6.87500000 -53980.51172472 0.00000000
7.18750000 -53980.51172472 0.00000000
7.50000000 -53980.51172472 0.00000000
7.81250000 -53980.51172472 0.00000000
8.12500000 -53980.51172472 0.00000000
8.43750000 -53980.51172472 0.00000000
8.75000000 -53980.51172472 0.00000000
9.06250000 -53980.51172472 0.00000000
9.37500000 -53980.51172472 0.00000000
9.68750000 -53980.51172472 0.00000000
10.00000000 -53980.51172472 0.00000000
