# Distance[A]   TotalEnergy[eV]    BindingEnergy[eV]
2.4883   -411.32755133     0.28882139
2.6369   -411.58427093     0.03210179
2.7944   -411.73344382     -0.11707110
2.9613   -411.80785405     -0.19148133
3.1381   -411.83336450     -0.21699178
3.3254   -411.82928971     -0.21291699
3.5238   -411.80919949     -0.19282677
3.7340   -411.78211252     -0.16573980
3.9568   -411.75355955     -0.13718683
4.1928   -411.72660213     -0.11022941
4.4428   -411.70269481     -0.08632209
4.7077   -411.68240949     -0.06603677
4.9883   -411.66582443     -0.04945171
5.2856   -411.65263426     -0.03626154
5.6006   -411.64245810     -0.02608538
5.9343   -411.63483031     -0.01845759
6.2879   -411.62923007     -0.01285735
6.6625   -411.62519688     -0.00882416
7.0593   -411.62230534     -0.00593262
7.4798   -411.62021754     -0.00384482
7.9253   -411.61871600     -0.00234328
8.3972   -411.61765657     -0.00128385
8.8973   -411.61694349     -0.00057077
9.4270   -411.61651784     -0.00014512
9.9883   -411.61637272     0.00000000
