# C-Distance [A] TotalEnergy [eV] BindingEnergy [eV]
2.488281194399999841e+00 -5.306467498099999602e+02 4.203100900000436013e-01
2.636938934399999823e+00 -5.309026111499999843e+02 1.644487500000195723e-01
2.794436314399999954e+00 -5.310506864100000257e+02 1.637348999997811916e-02
2.961298984399999945e+00 -5.311243860099999665e+02 -5.732610999996268220e-02
3.138083814399999838e+00 -5.311513357100000121e+02 -8.427581000000827771e-02
3.238083814399999927e+00 -5.311536374500000193e+02 -8.657755000001543522e-02
3.325380834399999763e+00 -5.311514371299999766e+02 -8.437722999997276929e-02
3.523815104399999676e+00 -5.311386004800000364e+02 -7.154058000003260531e-02
3.734048884399999935e+00 -5.311218596400000251e+02 -5.479974000002130197e-02
3.956783824399999983e+00 -5.311057317999999441e+02 -3.867189999994025129e-02
4.192763274399999851e+00 -5.310926060100000541e+02 -2.554611000005024835e-02
4.442774784400000065e+00 -5.310828209999999672e+02 -1.576109999996333499e-02
4.707652754399999750e+00 -5.310764188099999501e+02 -9.358909999946263270e-03
4.988281194399999841e+00 -5.310722851000000446e+02 -5.225200000040786108e-03
5.285596664399999867e+00 -5.310698082300000351e+02 -2.748330000031273812e-03
5.600591434400000068e+00 -5.310684341099999983e+02 -1.374209999994491227e-03
5.934316774400000050e+00 -5.310677789400000393e+02 -7.190400000354202348e-04
6.287886444399999775e+00 -5.310674526400000559e+02 -3.927400000520719914e-04
6.662480464399999747e+00 -5.310672343700000511e+02 -1.744700000472221291e-04
7.059349004399999572e+00 -5.310672393900000543e+02 -1.794900000504640047e-04
7.479816574400000029e+00 -5.310672103900000138e+02 -1.504900000099951285e-04
7.925286454400000125e+00 -5.310671014399999876e+02 -4.153999998379731551e-05
8.397245344399999922e+00 -5.310671216399999821e+02 -6.173999997827195330e-05
8.897268374400001179e+00 -5.310670437200000151e+02 1.617999998870800482e-05
9.427024324400001376e+00 -5.310671047399999907e+02 -4.483999998683430022e-05
9.988281194400000729e+00 -5.310670599000000038e+02 0.000000000000000000e+00
