2.488281194399999841e+00 -4.863701171875000000e+02 5.088500976562500000e-01
2.636938934399999823e+00 -4.867123413085937500e+02 1.666259765625000000e-01
2.794436314399999954e+00 -4.869274902343750000e+02 -4.852294921875000000e-02
2.961298984399999945e+00 -4.870169372558593750e+02 -1.379699707031250000e-01
3.138083814399999838e+00 -4.870500793457031250e+02 -1.711120605468750000e-01
3.325380834399999763e+00 -4.870460205078125000e+02 -1.670532226562500000e-01
3.523815104399999676e+00 -4.870270996093750000e+02 -1.481323242187500000e-01
3.734048884399999935e+00 -4.869882202148437500e+02 -1.092529296875000000e-01
3.956783824399999983e+00 -4.869458312988281250e+02 -6.686401367187500000e-02
4.192763274399999851e+00 -4.868869018554687500e+02 -7.934570312500000000e-03
4.442774784400000065e+00 -4.868081359863281250e+02 7.083129882812500000e-02
4.707652754399999750e+00 -4.867095031738281250e+02 1.694641113281250000e-01
4.988281194399999841e+00 -4.866530456542968750e+02 2.259216308593750000e-01
5.285596664399999867e+00 -4.867196655273437500e+02 1.593017578125000000e-01
5.600591434400000068e+00 -4.868536987304687500e+02 2.526855468750000000e-02
5.934316774400000050e+00 -4.868789672851562500e+02 0.000000000000000000e+00
6.287886444399999775e+00 -4.868789672851562500e+02 0.000000000000000000e+00
6.662480464399999747e+00 -4.868789672851562500e+02 0.000000000000000000e+00
7.059349004399999572e+00 -4.868789672851562500e+02 0.000000000000000000e+00
7.479816574400000029e+00 -4.868789672851562500e+02 0.000000000000000000e+00
7.925286454400000125e+00 -4.868789672851562500e+02 0.000000000000000000e+00
8.397245344399999922e+00 -4.868789672851562500e+02 0.000000000000000000e+00
8.897268374400001179e+00 -4.868789672851562500e+02 0.000000000000000000e+00
9.427024324400001376e+00 -4.868789367675781250e+02 3.051757812500000000e-05
9.988281194400000729e+00 -4.868789672851562500e+02 0.000000000000000000e+00
