# Distance(A) TotalEnergy(eV) BindingEnergy(eV)
2.50000000 -475.26533403 -0.02631511
2.89473684 -475.62634780 -0.38732888
3.28947368 -475.68418295 -0.44516403
3.68421053 -475.69413493 -0.45511601
4.07894737 -475.68607574 -0.44705681
4.47368421 -475.61937485 -0.38035593
4.86842105 -475.50483466 -0.26581573
5.26315789 -475.38044820 -0.14142928
5.65789474 -475.28918018 -0.05016126
6.05263158 -475.25434495 -0.01532603
6.44736842 -475.24667541 -0.00765649
6.84210526 -475.24459726 -0.00557834
7.23684211 -475.24309842 -0.00407950
7.63157895 -475.24198227 -0.00296335
8.02631579 -475.24113835 -0.00211943
8.42105263 -475.24049056 -0.00147164
8.81578947 -475.23998702 -0.00096810
9.21052632 -475.23958982 -0.00057090
9.60526316 -475.23927445 -0.00025553
10.00000000 -475.23901892 0.00000000
