2.488281194399999841e+00 -5.702416450139100198e+04 4.467503470004885457e-01
2.636938934399999823e+00 -5.702447098861300037e+04 1.402631250020931475e-01
2.794436314399999954e+00 -5.702465178077999735e+04 -4.052904199488693848e-02
2.961298984399999945e+00 -5.702474288200400042e+04 -1.316302659979555756e-01
3.138083814399999838e+00 -5.702477648191100161e+04 -1.652301729991449974e-01
3.238083814399999927e+00 -5.702477952661400195e+04 -1.6827487599948654e-01
3.325380834399999763e+00 -5.702477665650800191e+04 -1.654047699994407594e-01
3.523815104399999676e+00 -5.702475982395299798e+04 -1.485722149955108762e-01
3.734048884399999935e+00 -5.702473637449299713e+04 -1.251227549946634099e-01
3.956783824399999983e+00 -5.702471220538199850e+04 -1.009536439960356802e-01
4.192763274399999851e+00 -5.702469030718100112e+04 -7.905544299865141511e-02
4.442774784400000065e+00 -5.702467192085200077e+04 -6.066911399830132723e-02
4.707652754399999750e+00 -5.702465721241199935e+04 -4.596067399688763544e-02
4.988281194399999841e+00 -5.702464581447400269e+04 -3.456273600022541359e-02
5.285596664399999867e+00 -5.702463706206100323e+04 -2.581032300076913089e-02
5.600591434400000068e+00 -5.702463031639400288e+04 -1.906465600040974095e-02
5.934316774400000050e+00 -5.702462516486200184e+04 -1.391312399937305599e-02
9.988281194400000729e+00 -5.702461125173800247e+04 0.000000000000000000e+00
