2.488281194399999841e+00 -5.703349988011071400e+04 4.385041362547781318e-01
2.636938934399999823e+00 -5.703381410779870930e+04 1.242764482594793662e-01
2.794436314399999954e+00 -5.703400499798067904e+04 -6.661373371025547385e-02
2.961298984399999945e+00 -5.703409856161870994e+04 -1.601773717411560938e-01
3.138083814399999838e+00 -5.703412356232656020e+04 -1.851780795914237387e-01
3.325380834399999763e+00 -5.703410426396699768e+04 -1.658797200288972817e-01
3.523815104399999676e+00 -5.703406404669166659e+04 -1.256624446978094056e-01
3.734048884399999935e+00 -5.703402087026732625e+04 -8.248602035746444017e-02
3.956783824399999983e+00 -5.703398617648239451e+04 -4.779223542573163286e-02
4.192763274399999851e+00 -5.703396223429568636e+04 -2.385004871757701039e-02
4.442774784400000065e+00 -5.703394523726330954e+04 -6.853016340755857527e-03
4.707652754399999750e+00 -5.703393876208694564e+04 -3.778399768634699285e-04
4.988281194399999841e+00 -5.703393838424696878e+04 0.000000000000000000e+00
5.285596664399999867e+00 -5.703393838424696878e+04 0.000000000000000000e+00
5.600591434400000068e+00 -5.703393838424696878e+04 0.000000000000000000e+00
5.934316774400000050e+00 -5.703393838424696878e+04 0.000000000000000000e+00
6.287886444399999775e+00 -5.703393838424696878e+04 0.000000000000000000e+00
6.662480464399999747e+00 -5.703393838424696878e+04 0.000000000000000000e+00
7.059349004399999572e+00 -5.703393838424696878e+04 0.000000000000000000e+00
7.479816574400000029e+00 -5.703393838424696878e+04 0.000000000000000000e+00
7.925286454400000125e+00 -5.703393838424696878e+04 0.000000000000000000e+00
8.397245344399999922e+00 -5.703393838424696878e+04 0.000000000000000000e+00
8.897268374400001179e+00 -5.703393838424696878e+04 0.000000000000000000e+00
9.427024324400001376e+00 -5.703393838424696878e+04 0.000000000000000000e+00
9.988281194400000729e+00 -5.703393838424696878e+04 0.000000000000000000e+00
