# C-Distance [A] TotalEnergy [eV] BindingEnergy [eV]
2.488281194399999841e+00 -4.171283629800000199e+02 2.660019999999576612e-01
2.636938934399999823e+00 -4.173749801199999752e+02 1.938486000000239073e-02
2.794436314399999954e+00 -4.175181223399999908e+02 -1.237573600000132501e-01
2.961298984399999945e+00 -4.175897906499999976e+02 -1.954256700000200908e-01
3.138083814399999838e+00 -4.176149885899999958e+02 -2.206236100000182887e-01
3.238083814399999927e+00 -4.176159921400000030e+02 -2.216271600000254693e-01
3.325380834399999763e+00 -4.176121133600000235e+02 -2.177483800000459269e-01
3.523815104399999676e+00 -4.175938382200000092e+02 -1.994732400000316375e-01
3.734048884399999935e+00 -4.175684122999999772e+02 -1.740473199999996723e-01
3.956783824399999983e+00 -4.175408738300000095e+02 -1.465088500000319982e-01
4.192763274399999851e+00 -4.175141045600000211e+02 -1.197395800000435884e-01
4.442774784400000065e+00 -4.174896297500000060e+02 -9.526477000002842033e-02
4.707652754399999750e+00 -4.174682557500000257e+02 -7.389077000004817819e-02
4.988281194399999841e+00 -4.174503337400000191e+02 -5.596876000004158414e-02
5.285596664399999867e+00 -4.174358034300000213e+02 -4.143845000004375834e-02
5.600591434400000068e+00 -4.174244416600000136e+02 -3.007668000003604902e-02
5.934316774400000050e+00 -4.174158696399999826e+02 -2.150466000000506028e-02
6.287886444399999775e+00 -4.174095664499999998e+02 -1.520147000002225468e-02
6.662480464399999747e+00 -4.174050474200000167e+02 -1.068244000003915062e-02
7.059349004399999572e+00 -4.174018211700000052e+02 -7.456190000027618225e-03
7.479816574400000029e+00 -4.173995023200000105e+02 -5.137340000032963871e-03
7.925286454400000125e+00 -4.173978068800000187e+02 -3.441900000041187013e-03
8.397245344399999922e+00 -4.173965487599999733e+02 -2.183779999995749677e-03
8.897268374400001179e+00 -4.173955972599999882e+02 -1.232280000010632648e-03
9.427024324400001376e+00 -4.173948864899999762e+02 -5.215099999986705370e-04
9.988281194400000729e+00 -4.173943649799999775e+02 0.000000000000000000e+00
