# C-Distance [A] BindingEnergy [eV]
2.488281194399999841e+00 6.992111206054687500e-01
2.636938934399999823e+00 4.106750488281250000e-01
2.794436314399999954e+00 2.290878295898437500e-01
2.961298984399999945e+00 1.231460571289062500e-01
3.138083814399999838e+00 6.580352783203125000e-02
3.238083814399999927e+00 4.717254638671875000e-02
3.325380834399999763e+00 3.552246093750000000e-02
3.523815104399999676e+00 1.782989501953125000e-02
3.734048884399999935e+00 4.592895507812500000e-03
3.956783824399999983e+00 -9.269714355468750000e-03
4.192763274399999851e+00 -2.674865722656250000e-02
4.442774784400000065e+00 -4.527282714843750000e-02
4.707652754399999750e+00 -5.805969238281250000e-02
4.988281194399999841e+00 -5.911254882812500000e-02
5.285596664399999867e+00 -4.728698730468750000e-02
5.600591434400000068e+00 -2.035522460937500000e-02
5.934316774400000050e+00 -7.629394531250000000e-06
6.287886444399999775e+00 1.525878906250000000e-05
6.662480464399999747e+00 -2.288818359375000000e-05
7.059349004399999572e+00 0.000000000000000000e+00
7.479816574400000029e+00 0.000000000000000000e+00
7.925286454400000125e+00 -2.288818359375000000e-05
8.397245344399999922e+00 0.000000000000000000e+00
8.897268374400001179e+00 0.000000000000000000e+00
9.427024324400001376e+00 0.000000000000000000e+00
9.988281194400000729e+00 0.000000000000000000e+00
