# C-Distance [A] Energy [eV]
2.488281194399999841e+00 -4.840910740023870744e+02
2.636938934399999823e+00 -4.843796100741644182e+02
2.794436314399999954e+00 -4.845611972934026994e+02
2.961298984399999945e+00 -4.846671390658636369e+02
3.138083814399999838e+00 -4.847244815951605119e+02
3.238083814399999927e+00 -4.847431125766058244e+02
3.325380834399999763e+00 -4.847547626620550432e+02
3.523815104399999676e+00 -4.847724552279730119e+02
3.734048884399999935e+00 -4.847856922274847307e+02
3.956783824399999983e+00 -4.847995548373480119e+02
4.192763274399999851e+00 -4.848170337802191057e+02
4.442774784400000065e+00 -4.848355579501409807e+02
4.707652754399999750e+00 -4.848483448153753557e+02
4.988281194399999841e+00 -4.848493976718206682e+02
5.285596664399999867e+00 -4.848375721102972307e+02
5.600591434400000068e+00 -4.848106403476019182e+02
5.934316774400000050e+00 -4.847902927523870744e+02
6.287886444399999775e+00 -4.847902698642034807e+02
6.662480464399999747e+00 -4.847903080111761369e+02
7.059349004399999572e+00 -4.847902851229925432e+02
7.479816574400000029e+00 -4.847902851229925432e+02
7.925286454400000125e+00 -4.847903080111761369e+02
8.397245344399999922e+00 -4.847902851229925432e+02
8.897268374400001179e+00 -4.847902851229925432e+02
9.427024324400001376e+00 -4.847902851229925432e+02
9.988281194400000729e+00 -4.847902851229925432e+02
