# C-Distance [A] BindingEnergy [eV]
2.488281194399999841e+00 4.277530272983085524e-01
2.636938934399999823e+00 1.789675719917340757e-01
2.794436314399999954e+00 4.565248627307028073e-02
2.961298984399999945e+00 -3.122307951304037488e-02
3.138083814399999838e+00 -8.475080189538175546e-02
3.238083814399999927e+00 -1.099004485719774493e-01
3.325380834399999763e+00 -1.301496012528673418e-01
3.523815104399999676e+00 -1.705548874884925681e-01
3.734048884399999935e+00 -2.000641757639982643e-01
3.956783824399999983e+00 -2.076620456442697105e-01
4.192763274399999851e+00 -1.887133466614727695e-01
4.442774784400000065e+00 -1.522726657519228866e-01
4.707652754399999750e+00 -1.142981670654421578e-01
4.988281194399999841e+00 -8.031634391403486006e-02
5.285596664399999867e+00 -4.787863413213244712e-02
5.600591434400000068e+00 -2.473514281291500083e-02
5.934316774400000050e+00 -1.686853622044282019e-02
6.287886444399999775e+00 -1.282035403477266300e-02
6.662480464399999747e+00 -9.624772068946185755e-03
7.059349004399999572e+00 -7.106626359757228784e-03
7.479816574400000029e+00 -5.123821534937178512e-03
7.925286454400000125e+00 -3.562729426619171136e-03
8.397245344399999922e+00 -2.332272517492128827e-03
8.897268374400001179e+00 -1.363570978128336719e-03
9.427024324400001376e+00 -6.006614549391997571e-04
9.988281194400000729e+00 0.000000000000000000e+00
