2.488281194399999841e+00 -4.831129199255166213e+02 4.297542052336211782e-01
2.636938934399999823e+00 -4.833617149264318869e+02 1.809592043183556598e-01
2.794436314399999954e+00 -4.834950395549799964e+02 4.763457577024610146e-02
2.961298984399999945e+00 -4.835719248877086898e+02 -2.925075695844725487e-02
3.138083814399999838e+00 -4.836254636324675289e+02 -8.278950171728638452e-02
3.325380834399999763e+00 -4.836708756776505425e+02 -1.282015469002999453e-01
3.523815104399999676e+00 -4.837112948505809413e+02 -1.686207198306988175e-01
3.734048884399999935e+00 -4.837408201156839596e+02 -1.981459849337170454e-01
3.956783824399999983e+00 -4.837484352026787064e+02 -2.057610719284639345e-01
4.192763274399999851e+00 -4.837295063298381592e+02 -1.868321990879167060e-01
4.442774784400000065e+00 -4.836930891857785468e+02 -1.504150550283043231e-01
4.707652754399999750e+00 -4.836551419969696326e+02 -1.124678662193900891e-01
4.988281194399999841e+00 -4.836211900052339843e+02 -7.851587448374175437e-02
5.285596664399999867e+00 -4.835887880901168501e+02 -4.611395936660755979e-02
5.600591434400000068e+00 -4.835656872098600729e+02 -2.301307910983041438e-02
5.934316774400000050e+00 -4.835578718365249529e+02 -1.519770577471035722e-02
6.287886444399999775e+00 -4.835538833878821947e+02 -1.120925713195219942e-02
6.662480464399999747e+00 -4.835507607238055243e+02 -8.086593055281809939e-03
7.059349004399999572e+00 -4.835483331969737151e+02 -5.659066223472564161e-03
7.479816574400000029e+00 -4.835464634360448599e+02 -3.789305294617406616e-03
7.925286454400000125e+00 -4.835450446509011044e+02 -2.370520150861921138e-03
8.397245344399999922e+00 -4.835439959052116592e+02 -1.321774461416680424e-03
8.897268374400001179e+00 -4.835432686242454565e+02 -5.944934952140101814e-04
9.427024324400001376e+00 -4.835428285665668682e+02 -1.544358166256643017e-04
9.988281194400000729e+00 -4.835426741307502425e+02 0.000000000000000000e+00
