# C-Distance [A] Energy [eV]
2.488281194399999841e+00 -4.831123590716974263e+02
2.636938934399999823e+00 -4.833611445270040008e+02
2.794436314399999954e+00 -4.834944596127226646e+02
2.961298984399999945e+00 -4.835713351785087752e+02
3.138083814399999838e+00 -4.836248629008911166e+02
3.238083814399999927e+00 -4.836500125475677123e+02
3.325380834399999763e+00 -4.836702617002486022e+02
3.523815104399999676e+00 -4.837106669864842274e+02
3.734048884399999935e+00 -4.837401762747597331e+02
3.956783824399999983e+00 -4.837477741446400046e+02
4.192763274399999851e+00 -4.837288254456572076e+02
4.442774784400000065e+00 -4.836923847647476578e+02
4.707652754399999750e+00 -4.836544102660611770e+02
4.988281194399999841e+00 -4.836204284429097697e+02
5.285596664399999867e+00 -4.835879907331278673e+02
5.600591434400000068e+00 -4.835648472418086499e+02
5.934316774400000050e+00 -4.835569806352161777e+02
6.287886444399999775e+00 -4.835529324530305075e+02
6.662480464399999747e+00 -4.835497368710646811e+02
7.059349004399999572e+00 -4.835472187253554921e+02
7.479816574400000029e+00 -4.835452359205306720e+02
7.925286454400000125e+00 -4.835436748284223540e+02
8.397245344399999922e+00 -4.835424443715132270e+02
8.897268374400001179e+00 -4.835414756699738632e+02
9.427024324400001376e+00 -4.835407127604506741e+02
9.988281194400000729e+00 -4.835401120989957349e+02
