# C-Distance [A] TotalEnergy [eV] BindingEnergy [eV]
2.488281194399999841e+00 -5.255597132699999747e+02 3.056943600000749939e-01
2.636938934399999823e+00 -5.258078027300000485e+02 5.760490000000118016e-02
2.794436314399999954e+00 -5.259476347500000202e+02 -8.222711999997045496e-02
2.961298984399999945e+00 -5.260127503999999590e+02 -1.473427699999092511e-01
3.138083814399999838e+00 -5.260309236299999611e+02 -1.655159999999114007e-01
3.238083814399999927e+00 -5.260284566300000506e+02 -1.630490000000008877e-01
3.325380834399999763e+00 -5.260222280100000489e+02 -1.568203799999992043e-01
3.523815104399999676e+00 -5.260007553499999631e+02 -1.353477199999133518e-01
3.734048884399999935e+00 -5.259757215800000267e+02 -1.103139499999770123e-01
3.956783824399999983e+00 -5.259518008600000485e+02 -8.639322999999876629e-02
4.192763274399999851e+00 -5.259315032399999836e+02 -6.609560999993391306e-02
4.442774784400000065e+00 -5.259152475800000275e+02 -4.983994999997776176e-02
4.707652754399999750e+00 -5.259031086400000277e+02 -3.770100999997794133e-02
4.988281194399999841e+00 -5.258939639599999509e+02 -2.855632999990120879e-02
5.285596664399999867e+00 -5.258871688699999822e+02 -2.176123999993251346e-02
5.600591434400000068e+00 -5.258821142299999565e+02 -1.670659999990675715e-02
5.934316774400000050e+00 -5.258783449100000098e+02 -1.293727999996008293e-02
6.287886444399999775e+00 -5.258754082200000539e+02 -1.000059000000419474e-02
6.662480464399999747e+00 -5.258730110499999455e+02 -7.603419999895777437e-03
7.059349004399999572e+00 -5.258712103000000297e+02 -5.802669999980025750e-03
7.479816574400000029e+00 -5.258696925699999838e+02 -4.284939999934067600e-03
7.925286454400000125e+00 -5.258683656800000108e+02 -2.958049999961076537e-03
8.397245344399999922e+00 -5.258673944099999744e+02 -1.986779999924692675e-03
8.897268374400001179e+00 -5.258665188600000420e+02 -1.111229999992247031e-03
9.427024324400001376e+00 -5.258659457200000134e+02 -5.380899999636312714e-04
9.988281194400000729e+00 -5.258654076300000497e+02 0.000000000000000000e+00
