# Distance(A) TotalEnergy(eV) BindingEnergy(eV)
2.50000000 -475.36616317 0.64030457
2.81250000 -475.73551742 0.27095032
3.12500000 -475.87210647 0.13436127
3.43750000 -475.92903701 0.07743073
3.75000000 -475.96272078 0.04374695
4.06250000 -475.99143020 0.01503754
4.37500000 -476.01487533 -0.00840759
4.68750000 -476.03391067 -0.02744293
5.00000000 -476.04240981 -0.03594208
5.31250000 -476.03591720 -0.02944946
5.62500000 -476.02028457 -0.01381683
5.93750000 -476.00607100 0.00039673
6.25000000 -476.00637618 0.00009155
6.56250000 -476.00644484 0.00002289
6.87500000 -476.00646773 0.00000000
7.18750000 -476.00645247 0.00001526
7.50000000 -476.00646773 0.00000000
7.81250000 -476.00645247 0.00001526
8.12500000 -476.00646773 0.00000000
8.43750000 -476.00645247 0.00001526
8.75000000 -476.00646773 0.00000000
9.06250000 -476.00646773 0.00000000
9.37500000 -476.00645247 0.00001526
9.68750000 -476.00645247 0.00001526
10.00000000 -476.00646773 0.00000000
