# C-Distance [A] TotalEnergy [eV] BindingEnergy [eV]
2.488281194399999841e+00 -4.889401980999999751e+02 4.383428000000435532e-01
2.636938934399999823e+00 -4.892064574300000004e+02 1.720834700000182238e-01
2.794436314399999954e+00 -4.893677832299999864e+02 1.075767000003224894e-02
2.961298984399999945e+00 -4.894554211299999906e+02 -7.688022999997201623e-02
3.138083814399999838e+00 -4.894941673199999741e+02 -1.156264199999554876e-01
3.238083814399999927e+00 -4.895015830599999731e+02 -1.230421599999544924e-01
3.325380834399999763e+00 -4.895027223800000229e+02 -1.241814800000042851e-01
3.523815104399999676e+00 -4.894943461699999716e+02 -1.158052699999529978e-01
3.734048884399999935e+00 -4.894779369999999972e+02 -9.939609999997855994e-02
3.956783824399999983e+00 -4.894590682699999888e+02 -8.052736999997023304e-02
4.192763274399999851e+00 -4.894409353899999928e+02 -6.239448999997421197e-02
4.442774784400000065e+00 -4.894251172699999870e+02 -4.657636999996839222e-02
4.707652754399999750e+00 -4.894121933399999875e+02 -3.365243999996891944e-02
4.988281194399999841e+00 -4.894021697599999925e+02 -2.362885999997388353e-02
5.285596664399999867e+00 -4.893947077500000091e+02 -1.616684999999051797e-02
5.600591434400000068e+00 -4.893893530700000269e+02 -1.081217000000833650e-02
5.934316774400000050e+00 -4.893856309299999907e+02 -7.090029999972102814e-03
6.287886444399999775e+00 -4.893830955199999835e+02 -4.554619999964870658e-03
6.662480464399999747e+00 -4.893814129300000104e+02 -2.872029999991809746e-03
7.059349004399999572e+00 -4.893803106899999875e+02 -1.769789999968907068e-03
7.479816574400000029e+00 -4.893796054800000093e+02 -1.064579999990655779e-03
7.925286454400000125e+00 -4.893791614200000026e+02 -6.205199999840260716e-04
8.397245344399999922e+00 -4.893788875299999859e+02 -3.466299999672628473e-04
8.897268374400001179e+00 -4.893787021499999810e+02 -1.612499999623651092e-04
9.427024324400001376e+00 -4.893785964699999909e+02 -5.556999997224920662e-05
9.988281194400000729e+00 -4.893785409000000186e+02 0.000000000000000000e+00
