# Distance(A) TotalEnergy(eV) BindingEnergy(eV)
2.50000000 -478.13755693 0.50838338
2.89473684 -478.61118056 0.03475975
3.28947368 -478.66059287 -0.01465256
3.68421053 -478.65821574 -0.01227543
4.07894737 -478.64982085 -0.00388054
4.47368421 -478.63496933 0.01097097
4.86842105 -478.60154486 0.04439545
5.26315789 -478.60063252 0.04530779
5.65789474 -478.62292042 0.02301989
6.05263158 -478.63706590 0.00887441
6.44736842 -478.65301696 -0.00707665
6.84210526 -478.65151865 -0.00557834
7.23684211 -478.65001981 -0.00407950
7.63157895 -478.64890365 -0.00296335
8.02631579 -478.64805973 -0.00211943
8.42105263 -478.64741195 -0.00147164
8.81578947 -478.64690840 -0.00096810
9.21052632 -478.64651121 -0.00057090
9.60526316 -478.64619584 -0.00025553
10.00000000 -478.64594031 0.00000000
