# C-Distance [A] TotalEnergy [eV] BindingEnergy [eV]
2.488281194399999841e+00 -5.228385602099999687e+02 4.757550900000069305e-01
2.636938934399999823e+00 -5.231070944900000086e+02 2.072208099999670594e-01
2.794436314399999954e+00 -5.232658373399999618e+02 4.847796000001380889e-02
2.961298984399999945e+00 -5.233487723900000219e+02 -3.445709000004626432e-02
3.138083814399999838e+00 -5.233828980499999943e+02 -6.858275000001867738e-02
3.238083814399999927e+00 -5.233884165700000040e+02 -7.410127000002830755e-02
3.325380834399999763e+00 -5.233884414200000492e+02 -7.412612000007356983e-02
3.523815104399999676e+00 -5.233795194000000492e+02 -6.520410000007359486e-02
3.734048884399999935e+00 -5.233652060699999993e+02 -5.089077000002362183e-02
3.956783824399999983e+00 -5.233507213699999738e+02 -3.640606999999818072e-02
4.192763274399999851e+00 -5.233385457099999485e+02 -2.423040999997283507e-02
4.442774784400000065e+00 -5.233294635299999982e+02 -1.514823000002252229e-02
4.707652754399999750e+00 -5.233232672399999501e+02 -8.951939999974456441e-03
4.988281194399999841e+00 -5.233193428299999823e+02 -5.027530000006663613e-03
5.285596664399999867e+00 -5.233170305700000426e+02 -2.715270000066993816e-03
5.600591434400000068e+00 -5.233157479400000511e+02 -1.432640000075480202e-03
5.934316774400000050e+00 -5.233150740199999973e+02 -7.587200000216398621e-04
6.287886444399999775e+00 -5.233147378700000445e+02 -4.225700000688448199e-04
6.662480464399999747e+00 -5.233145734199999879e+02 -2.581200000122407801e-04
7.059349004399999572e+00 -5.233144893899999488e+02 -1.740899999731482239e-04
7.479816574400000029e+00 -5.233144434199999750e+02 -1.281199999993987149e-04
7.925286454400000125e+00 -5.233144157799999903e+02 -1.004800000146133243e-04
8.397245344399999922e+00 -5.233143910300000243e+02 -7.573000004867935786e-05
8.897268374400001179e+00 -5.233143600800000286e+02 -4.478000005292415153e-05
9.427024324400001376e+00 -5.233143317999999908e+02 -1.650000001518492354e-05
9.988281194400000729e+00 -5.233143152999999757e+02 0.000000000000000000e+00
