# Distance[A]   TotalEnergy[eV]    BindingEnergy[eV]
2.488281194399999841e+00 -5.707984531822000281e+04 3.791782959960983135e-01
2.636938934399999823e+00 -5.708012235642800078e+04 1.021400879981229082e-01
2.794436314399999954e+00 -5.708028175525800179e+04 -5.725874200288672000e-02
2.961298984399999945e+00 -5.708036042702400300e+04 -1.359305080040940084e-01
3.138083814399999838e+00 -5.708038752518800175e+04 -1.630286720028379932e-01
3.325380834399999763e+00 -5.708038444745999732e+04 -1.599509439984103665e-01
3.523815104399999676e+00 -5.708036612573699676e+04 -1.416292209978564642e-01
3.734048884399999935e+00 -5.708034217832700233e+04 -1.176818110034218989e-01
3.956783824399999983e+00 -5.708031820418099960e+04 -9.370766500069294125e-02
4.192763274399999851e+00 -5.708029692778699973e+04 -7.243127100082347170e-02
4.442774784400000065e+00 -5.708027937871900212e+04 -5.488220300321700051e-02
4.707652754399999750e+00 -5.708026553517700086e+04 -4.103866100194863975e-02
4.988281194399999841e+00 -5.708025490518000151e+04 -3.040866400260711089e-02
5.285596664399999867e+00 -5.708024678938499710e+04 -2.229286899819271639e-02
5.600591434400000068e+00 -5.708024066470599792e+04 -1.616818999900715426e-02
5.934316774400000050e+00 -5.708023599974300305e+04 -1.150322700414108112e-02
9.988281194400000729e+00 -5.708022449651599891e+04 0.000000000000000000e+00
