# Distance(A) TotalEnergy(eV) BindingEnergy(eV)
2.50000000 -474.65380859 0.76806641
2.81250000 -475.07568359 0.34619141
3.12500000 -475.21319580 0.20867920
3.43750000 -475.25286865 0.16900635
3.75000000 -475.27075195 0.15112305
4.06250000 -475.29559326 0.12628174
4.37500000 -475.32910156 0.09277344
4.68750000 -475.35467529 0.06719971
5.00000000 -475.38269043 0.03918457
5.31250000 -475.39984131 0.02203369
5.62500000 -475.41485596 0.00701904
5.93750000 -475.41882324 0.00305176
6.25000000 -475.42156982 0.00030518
6.56250000 -475.42187500 0.00000000
6.87500000 -475.42187500 0.00000000
7.18750000 -475.42187500 0.00000000
7.50000000 -475.42187500 0.00000000
7.81250000 -475.42187500 0.00000000
8.12500000 -475.42187500 0.00000000
8.43750000 -475.42187500 0.00000000
8.75000000 -475.42187500 0.00000000
9.06250000 -475.42187500 0.00000000
9.37500000 -475.42187500 0.00000000
9.68750000 -475.42187500 0.00000000
10.00000000 -475.42187500 0.00000000
