2.488281194399999841e+00 -4.831206054687500000e+02 5.912475585937500000e-01
2.636938934399999823e+00 -4.833905029296875000e+02 3.213500976562500000e-01
2.794436314399999954e+00 -4.835666809082031250e+02 1.451721191406250000e-01
2.961298984399999945e+00 -4.836796569824218750e+02 3.219604492187500000e-02
3.138083814399999838e+00 -4.837498474121093750e+02 -3.799438476562500000e-02
3.325380834399999763e+00 -4.837908325195312500e+02 -7.897949218750000000e-02
3.523815104399999676e+00 -4.838071594238281250e+02 -9.530639648437500000e-02
3.734048884399999935e+00 -4.837987365722656250e+02 -8.688354492187500000e-02
3.956783824399999983e+00 -4.837786560058593750e+02 -6.680297851562500000e-02
4.192763274399999851e+00 -4.837538452148437500e+02 -4.199218750000000000e-02
4.442774784400000065e+00 -4.837279357910156250e+02 -1.608276367187500000e-02
4.707652754399999750e+00 -4.837135925292968750e+02 -1.739501953125000000e-03
4.988281194399999841e+00 -4.837118530273437500e+02 0.000000000000000000e+00
5.285596664399999867e+00 -4.837118530273437500e+02 0.000000000000000000e+00
5.600591434400000068e+00 -4.837118530273437500e+02 0.000000000000000000e+00
5.934316774400000050e+00 -4.837118530273437500e+02 0.000000000000000000e+00
6.287886444399999775e+00 -4.837118530273437500e+02 0.000000000000000000e+00
6.662480464399999747e+00 -4.837118530273437500e+02 0.000000000000000000e+00
7.059349004399999572e+00 -4.837118530273437500e+02 0.000000000000000000e+00
7.479816574400000029e+00 -4.837118530273437500e+02 0.000000000000000000e+00
7.925286454400000125e+00 -4.837118530273437500e+02 0.000000000000000000e+00
8.397245344399999922e+00 -4.837118530273437500e+02 0.000000000000000000e+00
8.897268374400001179e+00 -4.837118530273437500e+02 0.000000000000000000e+00
9.427024324400001376e+00 -4.837118530273437500e+02 0.000000000000000000e+00
9.988281194400000729e+00 -4.837118530273437500e+02 0.000000000000000000e+00
