# 0
2.488281194399999841e+00 -0.780457
2.636938934399999823e+00 -0.770265
2.794436314399999954e+00 -0.852829
2.961298984399999945e+00 -1.05159
3.138083814399999838e+00 -1.32292
3.238083814399999927e+00 -0.639428
3.325380834399999763e+00 -1.50869
3.523815104399999676e+00 -1.59985
3.734048884399999935e+00 -1.59081
3.956783824399999983e+00 -1.4925
4.192763274399999851e+00 -1.31492
4.442774784400000065e+00 -1.11637
4.707652754399999750e+00 -0.877535
4.988281194399999841e+00 -0.625151
5.285596664399999867e+00 -0.395134
5.600591434400000068e+00 -0.167834
5.934316774400000050e+00 -0.0219476
6.287886444399999775e+00 0.0632793
6.662480464399999747e+00 0.126775
7.059349004399999572e+00 0.125511
7.479816574400000029e+00 0.127247
7.925286454400000125e+00 0.118198
8.397245344399999922e+00 0.111452
8.897268374400001179e+00 0.0812305
9.427024324400001376e+00 0.0399602
9.988281194400000729e+00 0
