# C-Distance [A] Energy [eV]	BindingEnergy [eV]
2.488281194399999841e+00 -5.699016554286659812e+04 4.292850425990764052e-01
2.636938934399999823e+00 -5.699044354925450170e+04 1.512786546954885125e-01
2.794436314399999954e+00 -5.699061320520829759e+04 -1.837729910039342940e-02
2.961298984399999945e+00 -5.699070620741949824e+04 -1.113795103010488674e-01
3.138083814399999838e+00 -5.699074854156710353e+04 -1.537136579063371755e-01
3.238083814399999927e+00 -5.699075645032730245e+04 -1.6162241810525302e-01
3.325380834399999763e+00 -5.699075906699160259e+04 -1.642390824054018594e-01
3.523815104399999676e+00 -5.699075073979429726e+04 -1.559118851000675932e-01
3.734048884399999935e+00 -5.699073246770849801e+04 -1.376397993008140475e-01
3.956783824399999983e+00 -5.699071029064679897e+04 -1.154627376017742790e-01
4.192763274399999851e+00 -5.699068803345120250e+04 -9.320554200530750677e-02
4.442774784400000065e+00 -5.699066792282209644e+04 -7.309491289925063029e-02
4.707652754399999750e+00 -5.699065095180430217e+04 -5.612389510497450829e-02
4.988281194399999841e+00 -5.699063732337999681e+04 -4.249547079962212592e-02
5.285596664399999867e+00 -5.699062672535330057e+04 -3.189744410337880254e-02
5.600591434400000068e+00 -5.699061860689339665e+04 -2.377898419945267960e-02
5.934316774400000050e+00 -5.699061250671680318e+04 -1.767880760598927736e-02
6.287886444399999775e+00 -5.699060791564990359e+04 -1.308774070639628917e-02
6.662480464399999747e+00 -5.699060442420410254e+04 -9.596294905350077897e-03
7.059349004399999572e+00 -5.699060179699779837e+04 -6.969088601181283593e-03
7.479816574400000029e+00 -5.699059976623170223e+04 -4.938322505040559918e-03
7.925286454400000125e+00 -5.699059819912099920e+04 -3.371211802004836500e-03
8.397245344399999922e+00 -5.699059698006689723e+04 -2.152157700038515031e-03
8.897268374400001179e+00 -5.699059604606869834e+04 -1.218159501149784774e-03
9.427024324400001376e+00 -5.699059534626900131e+04 -5.183598041185177863e-04
9.988281194400000729e+00 -5.699059482790919719e+04 0.000000000000000000e+00
