# C-Distance [A] BindingEnergy [eV]
2.488281194399999841e+00 2.583804687045585524e-01
2.636938934399999823e+00 1.307401730423407571e-02
2.794436314399999954e+00 -1.435259805238047193e-01
2.961298984399999945e+00 -2.327306478724153749e-01
3.138083814399999838e+00 -2.647129600985067555e-01
3.238083814399999927e+00 -2.615422942751024493e-01
3.325380834399999763e+00 -2.497174723466173418e-01
3.523815104399999676e+00 -2.044904343634925681e-01
3.734048884399999935e+00 -1.518464023264982643e-01
3.956783824399999983e+00 -1.059469577536447105e-01
4.192763274399999851e+00 -7.167843455209776948e-02
4.442774784400000065e+00 -4.723116184567288656e-02
4.707652754399999750e+00 -3.327399714356715776e-02
4.988281194399999841e+00 -3.261736930465986006e-02
5.285596664399999867e+00 -3.435934702275744712e-02
5.600591434400000068e+00 -2.766483031291500083e-02
5.934316774400000050e+00 -1.686853622044282019e-02
6.287886444399999775e+00 -1.282035403477266300e-02
6.662480464399999747e+00 -9.624772068946185755e-03
7.059349004399999572e+00 -7.106626359757228784e-03
7.479816574400000029e+00 -5.123821534937178512e-03
7.925286454400000125e+00 -3.562729426619171136e-03
8.397245344399999922e+00 -2.332272517492128827e-03
8.897268374400001179e+00 -1.363570978128336719e-03
9.427024324400001376e+00 -6.006614549391997571e-04
9.988281194400000729e+00 0.000000000000000000e+00
