2.488281194399999841e+00 -4.869038439977822463e+02 2.603816466398711782e-01
2.636938934399999823e+00 -4.871491599947912619e+02 1.506564963085565978e-02
2.794436314399999954e+00 -4.873057695354487464e+02 -1.415438910266288985e-01
2.961298984399999945e+00 -4.873949839697399398e+02 -2.307583253178222549e-01
3.138083814399999838e+00 -4.874269773043425289e+02 -2.627516599204113845e-01
3.325380834399999763e+00 -4.874119950624161675e+02 -2.477694179940499453e-01
3.523815104399999676e+00 -4.873667819111278163e+02 -2.025562667056988175e-01
3.734048884399999935e+00 -4.873141538559183346e+02 -1.499282114962170454e-01
3.956783824399999983e+00 -4.872682716284599564e+02 -1.040459840378389345e-01
4.192763274399999851e+00 -4.872340229314006592e+02 -6.979728697854170605e-02
4.442774784400000065e+00 -4.872095991955441718e+02 -4.537355112205432306e-02
4.707652754399999750e+00 -4.871956693407196326e+02 -3.144369629751508910e-02
4.988281194399999841e+00 -4.871950425442964843e+02 -3.081689987436675437e-02
5.285596664399999867e+00 -4.871968203166793501e+02 -3.259467225723255979e-02
5.600591434400000068e+00 -4.871901684110319479e+02 -2.594276660983041438e-02
5.934316774400000050e+00 -4.871794233501968279e+02 -1.519770577471035722e-02
6.287886444399999775e+00 -4.871754349015540697e+02 -1.120925713195219942e-02
6.662480464399999747e+00 -4.871723122374773993e+02 -8.086593055281809939e-03
7.059349004399999572e+00 -4.871698847106455901e+02 -5.659066223472564161e-03
7.479816574400000029e+00 -4.871680149497167349e+02 -3.789305294617406616e-03
7.925286454400000125e+00 -4.871665961645729794e+02 -2.370520150861921138e-03
8.397245344399999922e+00 -4.871655474188835342e+02 -1.321774461416680424e-03
8.897268374400001179e+00 -4.871648201379173315e+02 -5.944934952140101814e-04
9.427024324400001376e+00 -4.871643800802387432e+02 -1.544358166256643017e-04
9.988281194400000729e+00 -4.871642256444221175e+02 0.000000000000000000e+00
