# C-Distance [A] Energy [eV]
2.488281194399999841e+00 -4.869032831439630513e+02
2.636938934399999823e+00 -4.871485895953633758e+02
2.794436314399999954e+00 -4.873051895931914146e+02
2.961298984399999945e+00 -4.873943942605400252e+02
3.138083814399999838e+00 -4.874263765727661166e+02
3.238083814399999927e+00 -4.874232059069427123e+02
3.325380834399999763e+00 -4.874113810850142272e+02
3.523815104399999676e+00 -4.873661540470311024e+02
3.734048884399999935e+00 -4.873135100149941081e+02
3.956783824399999983e+00 -4.872676105704212546e+02
4.192763274399999851e+00 -4.872333420472197076e+02
4.442774784400000065e+00 -4.872088947745132828e+02
4.707652754399999750e+00 -4.871949376098111770e+02
4.988281194399999841e+00 -4.871942809819722697e+02
5.285596664399999867e+00 -4.871960229596903673e+02
5.600591434400000068e+00 -4.871893284429805249e+02
5.934316774400000050e+00 -4.871785321488880527e+02
6.287886444399999775e+00 -4.871744839667023825e+02
6.662480464399999747e+00 -4.871712883847365561e+02
7.059349004399999572e+00 -4.871687702390273671e+02
7.479816574400000029e+00 -4.871667874342025470e+02
7.925286454400000125e+00 -4.871652263420942290e+02
8.397245344399999922e+00 -4.871639958851851020e+02
8.897268374400001179e+00 -4.871630271836457382e+02
9.427024324400001376e+00 -4.871622642741225491e+02
9.988281194400000729e+00 -4.871616636126676099e+02
