2.488281194399999841e+00 -5.703404941602412873e+04 3.378462680702796206e-01
2.636938934399999823e+00 -5.703432298593098676e+04 6.427636121225077659e-02
2.794436314399999954e+00 -5.703445812276335346e+04 -7.086047115444671363e-02
2.961298984399999945e+00 -5.703454060975562606e+04 -1.533474634270532988e-01
3.138083814399999838e+00 -5.703458855058757763e+04 -2.012882953786174767e-01
3.325380834399999763e+00 -5.703458933436029474e+04 -2.020720680957310833e-01
3.523815104399999676e+00 -5.703455161315193254e+04 -1.643508597335312515e-01
3.734048884399999935e+00 -5.703449657926990039e+04 -1.093169777013827115e-01
3.956783824399999983e+00 -5.703443107123214577e+04 -4.380893994675716385e-02
4.192763274399999851e+00 -5.703439080212661065e+04 -3.539834411640185863e-03
4.442774784400000065e+00 -5.703438726229388703e+04 -1.688022166490554810e-09
4.707652754399999750e+00 -5.703438726229219901e+04 0.000000000000000000e+00
4.988281194399999841e+00 -5.703438726229219901e+04 0.000000000000000000e+00
5.285596664399999867e+00 -5.703438726229219901e+04 0.000000000000000000e+00
5.600591434400000068e+00 -5.703438726229219901e+04 0.000000000000000000e+00
5.934316774400000050e+00 -5.703438726229219901e+04 0.000000000000000000e+00
6.287886444399999775e+00 -5.703438726229219901e+04 0.000000000000000000e+00
6.662480464399999747e+00 -5.703438726229219901e+04 0.000000000000000000e+00
7.059349004399999572e+00 -5.703438726229219901e+04 0.000000000000000000e+00
7.479816574400000029e+00 -5.703438726229219901e+04 0.000000000000000000e+00
7.925286454400000125e+00 -5.703438726229219901e+04 0.000000000000000000e+00
8.397245344399999922e+00 -5.703438726229219901e+04 0.000000000000000000e+00
8.897268374400001179e+00 -5.703438726229219901e+04 0.000000000000000000e+00
9.427024324400001376e+00 -5.703438726229219901e+04 0.000000000000000000e+00
9.988281194400000729e+00 -5.703438726229219901e+04 0.000000000000000000e+00
