# Distance(A) TotalEnergy(eV) BindingEnergy(eV)
2.50000000 -477.86120605 -0.14050293
2.81250000 -478.16320801 -0.44250488
3.12500000 -478.20489502 -0.48419189
3.43750000 -478.15979004 -0.43908691
3.75000000 -478.11587524 -0.39517212
4.06250000 -478.06045532 -0.33975220
4.37500000 -477.98883057 -0.26812744
4.68750000 -477.91891479 -0.19821167
5.00000000 -477.83447266 -0.11376953
5.31250000 -477.82513428 -0.10443115
5.62500000 -477.75488281 -0.03417969
5.93750000 -477.65679932 0.06390381
6.25000000 -477.71136475 0.00933838
6.56250000 -477.72070312 0.00000000
6.87500000 -477.72070312 0.00000000
7.18750000 -477.72070312 0.00000000
7.50000000 -477.72070312 0.00000000
7.81250000 -477.72070312 0.00000000
8.12500000 -477.72070312 0.00000000
8.43750000 -477.72070312 0.00000000
8.75000000 -477.72070312 0.00000000
9.06250000 -477.72070312 0.00000000
9.37500000 -477.72070312 0.00000000
9.68750000 -477.72070312 0.00000000
10.00000000 -477.72070312 0.00000000
