# Distance(A) TotalEnergy(eV) BindingEnergy(eV)
2.50000000 -53979.50416980 0.42853212
2.81250000 -53979.94671150 -0.01400957
3.12500000 -53980.07358978 -0.14088786
3.43750000 -53980.04393289 -0.11123097
3.75000000 -53980.00635914 -0.07365722
4.06250000 -53979.98764143 -0.05493951
4.37500000 -53979.97967029 -0.04696836
4.68750000 -53979.96115157 -0.02844964
5.00000000 -53979.94094925 -0.00824733
5.31250000 -53979.93303529 -0.00033336
5.62500000 -53979.93270192 0.00000000
5.93750000 -53979.93270192 0.00000000
6.25000000 -53979.93270192 0.00000000
6.56250000 -53979.93270192 0.00000000
6.87500000 -53979.93270192 0.00000000
7.18750000 -53979.93270192 0.00000000
7.50000000 -53979.93270192 0.00000000
7.81250000 -53979.93270192 0.00000000
8.12500000 -53979.93270192 0.00000000
8.43750000 -53979.93270192 0.00000000
8.75000000 -53979.93270192 0.00000000
9.06250000 -53979.93270192 0.00000000
9.37500000 -53979.93270192 0.00000000
9.68750000 -53979.93270192 0.00000000
10.00000000 -53979.93270192 0.00000000
