# Distance(A) TotalEnergy(eV) BindingEnergy(eV)
2.50000000 -53980.81650562 0.41838808
2.81250000 -53981.21092301 0.02397070
3.12500000 -53981.32001227 -0.08511856
3.43750000 -53981.33495901 -0.10006530
3.75000000 -53981.32040661 -0.08551291
4.06250000 -53981.29810530 -0.06321159
4.37500000 -53981.27779164 -0.04289793
4.68750000 -53981.25650962 -0.02161591
5.00000000 -53981.24097281 -0.00607910
5.31250000 -53981.23514231 -0.00024860
5.62500000 -53981.23489371 0.00000000
5.93750000 -53981.23489371 0.00000000
6.25000000 -53981.23489371 0.00000000
6.56250000 -53981.23489371 0.00000000
6.87500000 -53981.23489371 0.00000000
7.18750000 -53981.23489371 0.00000000
7.50000000 -53981.23489371 0.00000000
7.81250000 -53981.23489371 0.00000000
8.12500000 -53981.23489371 0.00000000
8.43750000 -53981.23489371 0.00000000
8.75000000 -53981.23489371 0.00000000
9.06250000 -53981.23489371 0.00000000
9.37500000 -53981.23489371 0.00000000
9.68750000 -53981.23489371 0.00000000
10.00000000 -53981.23489371 0.00000000
