# Distance(A) TotalEnergy(eV) BindingEnergy(eV)
2.50000000 -478.27061357 0.09386529
3.00000000 -478.77514301 -0.41066415
3.50000000 -478.87233008 -0.50785122
4.00000000 -478.81526358 -0.45078472
4.50000000 -478.69337571 -0.32889685
5.00000000 -478.55520527 -0.19072641
5.50000000 -478.43304349 -0.06856463
6.00000000 -478.38645720 -0.02197834
6.50000000 -478.37252243 -0.00804357
7.00000000 -478.37013341 -0.00565455
7.50000000 -478.36851054 -0.00403168
8.00000000 -478.36737815 -0.00289929
8.50000000 -478.36657002 -0.00209116
9.00000000 -478.36598109 -0.00150223
9.50000000 -478.36554208 -0.00106322
10.00000000 -478.36520911 -0.00073025
10.50000000 -478.36495496 -0.00047610
11.00000000 -478.36475767 -0.00027881
11.50000000 -478.36460231 -0.00012345
12.00000000 -478.36447886 0.00000000
