# C-Distance [A] BindingEnergy [eV]
2.488281194399999841e+00 2.372623046419448656e-01
2.636938934399999823e+00 1.905546261673407571e-02
2.794436314399999954e+00 -1.009844766175547193e-01
2.961298984399999945e+00 -1.485631674037222183e-01
3.138083814399999838e+00 -1.459995811923135989e-01
3.238083814399999927e+00 -1.307439544314092927e-01
3.325380834399999763e+00 -1.125714762529241852e-01
3.523815104399999676e+00 -6.520820780099256808e-02
3.734048884399999935e+00 -2.831124607655510772e-02
3.956783824399999983e+00 -2.184051244114471046e-02
4.192763274399999851e+00 -4.055050486465461290e-02
4.442774784400000065e+00 -5.840059543947972998e-02
4.707652754399999750e+00 -5.408698542487400118e-02
4.988281194399999841e+00 -3.115252555471670348e-02
5.285596664399999867e+00 -1.433981577281429054e-02
5.600591434400000068e+00 -1.515262328166500083e-02
5.934316774400000050e+00 -1.686853622049966361e-02
6.287886444399999775e+00 -1.282035403482950642e-02
6.662480464399999747e+00 -9.624772069059872592e-03
7.059349004399999572e+00 -7.106626359814072202e-03
7.479816574400000029e+00 -5.123821534994021931e-03
7.925286454400000125e+00 -3.562729426676014555e-03
8.397245344399999922e+00 -2.332272517605815665e-03
8.897268374400001179e+00 -1.363570978242023557e-03
9.427024324400001376e+00 -6.006614549960431759e-04
9.988281194400000729e+00 0.000000000000000000e+00
