# C-Distance [A] Energy [eV]
2.488281194399999841e+00 -5.252668695697443582e+02
2.636938934399999823e+00 -5.254850764117695689e+02
2.794436314399999954e+00 -5.256051163510038577e+02
2.961298984399999945e+00 -5.256526950417900252e+02
3.138083814399999838e+00 -5.256501314555786166e+02
3.238083814399999927e+00 -5.256348758288177123e+02
3.325380834399999763e+00 -5.256167033506392272e+02
3.523815104399999676e+00 -5.255693400821872956e+02
3.734048884399999935e+00 -5.255324431204628581e+02
3.956783824399999983e+00 -5.255259723868274477e+02
4.192763274399999851e+00 -5.255446823792509576e+02
4.442774784400000065e+00 -5.255625324698257828e+02
4.707652754399999750e+00 -5.255582188598111770e+02
4.988281194399999841e+00 -5.255352843999410197e+02
5.285596664399999867e+00 -5.255184716901591173e+02
5.600591434400000068e+00 -5.255192844976679680e+02
5.934316774400000050e+00 -5.255210004106068027e+02
6.287886444399999775e+00 -5.255169522284211325e+02
6.662480464399999747e+00 -5.255137566464553629e+02
7.059349004399999572e+00 -5.255112385007461171e+02
7.479816574400000029e+00 -5.255092556959212970e+02
7.925286454400000125e+00 -5.255076946038129790e+02
8.397245344399999922e+00 -5.255064641469039088e+02
8.897268374400001179e+00 -5.255054954453645450e+02
9.427024324400001376e+00 -5.255047325358412991e+02
9.988281194400000729e+00 -5.255041318743863030e+02
