2.488281194399999841e+00 -4.869943896520791213e+02 4.331011343674617819e-02
2.636938934399999823e+00 -4.873042198092443869e+02 -2.665200437285193402e-01
2.794436314399999954e+00 -4.875190874065424964e+02 -4.813876410266288985e-01
2.961298984399999945e+00 -4.876716868505993148e+02 -6.339870850834472549e-01
3.138083814399999838e+00 -4.877740232027800289e+02 -7.363234372641613845e-01
3.325380834399999763e+00 -4.878257218690567925e+02 -7.880221035409249453e-01
3.523815104399999676e+00 -4.878305270283153163e+02 -7.928272627994488175e-01
3.734048884399999935e+00 -4.877967588363870846e+02 -7.590590708712170454e-01
3.956783824399999983e+00 -4.877249366675224564e+02 -6.872369020065889345e-01
4.192763274399999851e+00 -4.876150654118694092e+02 -5.773656463535417060e-01
4.442774784400000065e+00 -4.874779097424191718e+02 -4.402099769033043231e-01
4.707652754399999750e+00 -4.873355008836883826e+02 -2.978011181725150891e-01
4.988281194399999841e+00 -4.872049302396089843e+02 -1.672304740931167544e-01
5.285596664399999867e+00 -4.871194887737106001e+02 -8.178900819473255979e-02
5.600591434400000068e+00 -4.870758800809538229e+02 -3.818031543795541438e-02
5.934316774400000050e+00 -4.870529585064468279e+02 -1.525874093096035722e-02
6.287886444399999775e+00 -4.870489090226478197e+02 -1.120925713195219942e-02
6.662480464399999747e+00 -4.870457863585711493e+02 -8.086593055281809939e-03
7.059349004399999572e+00 -4.870433588317393401e+02 -5.659066223472564161e-03
7.479816574400000029e+00 -4.870414890708104849e+02 -3.789305294617406616e-03
7.925286454400000125e+00 -4.870400702856667294e+02 -2.370520150861921138e-03
8.397245344399999922e+00 -4.870390215399772842e+02 -1.321774461416680424e-03
8.897268374400001179e+00 -4.870382942590110815e+02 -5.944934952140101814e-04
9.427024324400001376e+00 -4.870378542013324932e+02 -1.544358166256643017e-04
9.988281194400000729e+00 -4.870376997655158675e+02 0.000000000000000000e+00
