# C-Distance [A] Energy [eV]
2.488281194399999841e+00 -4.869938287982599263e+02
2.636938934399999823e+00 -4.873036494098165008e+02
2.794436314399999954e+00 -4.875185074642851646e+02
2.961298984399999945e+00 -4.876710971413994002e+02
3.138083814399999838e+00 -4.877734224712036166e+02
3.238083814399999927e+00 -4.878076968737395873e+02
3.325380834399999763e+00 -4.878251078916548522e+02
3.523815104399999676e+00 -4.878298991642186024e+02
3.734048884399999935e+00 -4.877961149954628581e+02
3.956783824399999983e+00 -4.877242756094837546e+02
4.192763274399999851e+00 -4.876143845276884576e+02
4.442774784400000065e+00 -4.874772053213882828e+02
4.707652754399999750e+00 -4.873347691527799270e+02
4.988281194399999841e+00 -4.872041686772847697e+02
5.285596664399999867e+00 -4.871186914167216173e+02
5.600591434400000068e+00 -4.870750401129023999e+02
5.934316774400000050e+00 -4.870520673051380527e+02
6.287886444399999775e+00 -4.870479580877961325e+02
6.662480464399999747e+00 -4.870447625058303061e+02
7.059349004399999572e+00 -4.870422443601211171e+02
7.479816574400000029e+00 -4.870402615552962970e+02
7.925286454400000125e+00 -4.870387004631879790e+02
8.397245344399999922e+00 -4.870374700062788520e+02
8.897268374400001179e+00 -4.870365013047394882e+02
9.427024324400001376e+00 -4.870357383952162991e+02
9.988281194400000729e+00 -4.870351377337613599e+02
