# distance[A] totalenergy[ev] bindingenergy[mev]
2.488281194399999841e+00 -4.829375610351562500e+02 1.062042236328125000e+00
2.636938934399999823e+00 -4.832653503417968750e+02 7.342529296875000000e-01
2.794436314399999954e+00 -4.835997009277343750e+02 3.999023437500000000e-01
2.961298984399999945e+00 -4.838049926757812500e+02 1.946105957031250000e-01
3.138083814399999838e+00 -4.838833618164062500e+02 1.162414550781250000e-01
3.238083814399999927e+00 -4.839016113281250000e+02 9.799194335937500000e-02
3.325380834399999763e+00 -4.839100952148437500e+02 8.950805664062500000e-02
3.523815104399999676e+00 -4.839238891601562500e+02 7.571411132812500000e-02
3.734048884399999935e+00 -4.839405517578125000e+02 5.905151367187500000e-02
3.956783824399999983e+00 -4.839729003906250000e+02 2.670288085937500000e-02
4.192763274399999851e+00 -4.840076904296875000e+02 -8.087158203125000000e-03
4.442774784400000065e+00 -4.840246276855468750e+02 -2.502441406250000000e-02
4.707652754399999750e+00 -4.840073242187500000e+02 -7.720947265625000000e-03
4.988281194399999841e+00 -4.839873962402343750e+02 1.220703125000000000e-02
5.285596664399999867e+00 -4.839881286621093750e+02 1.147460937500000000e-02
5.600591434400000068e+00 -4.839978027343750000e+02 1.800537109375000000e-03
5.934316774400000050e+00 -4.839996032714843750e+02 0.000000000000000000e+00
6.287886444399999775e+00 -4.839996032714843750e+02 0.000000000000000000e+00
6.662480464399999747e+00 -4.839996032714843750e+02 0.000000000000000000e+00
7.059349004399999572e+00 -4.839996032714843750e+02 0.000000000000000000e+00
7.479816574400000029e+00 -4.839996032714843750e+02 0.000000000000000000e+00
7.925286454400000125e+00 -4.839996032714843750e+02 0.000000000000000000e+00
8.397245344399999922e+00 -4.839996032714843750e+02 0.000000000000000000e+00
8.897268374400001179e+00 -4.839996032714843750e+02 0.000000000000000000e+00
9.427024324400001376e+00 -4.839996032714843750e+02 0.000000000000000000e+00
9.988281194400000729e+00 -4.839996032714843750e+02 0.000000000000000000e+00
