# Distance(A) TotalEnergy(eV) BindingEnergy(eV)
2.50000000 -514.68345537 -0.23777141
2.89473684 -515.07596328 -0.63027932
3.28947368 -515.13056357 -0.68487961
3.68421053 -515.07566569 -0.62998173
4.07894737 -515.10230498 -0.65662102
4.47368421 -515.11067734 -0.66499338
4.86842105 -514.95982123 -0.51413727
5.26315789 -514.67695699 -0.23127303
5.65789474 -514.52053394 -0.07484998
6.05263158 -514.46488573 -0.01920177
6.44736842 -514.45334045 -0.00765649
6.84210526 -514.45123178 -0.00554782
7.23684211 -514.44976346 -0.00407950
7.63157895 -514.44864731 -0.00296335
8.02631579 -514.44780339 -0.00211943
8.42105263 -514.44712508 -0.00144112
8.81578947 -514.44665206 -0.00096810
9.21052632 -514.44625486 -0.00057090
9.60526316 -514.44593949 -0.00025553
10.00000000 -514.44568396 0.00000000
