# Distance(A) TotalEnergy(eV) BindingEnergy(eV)
2.50000000 -478.36888017 0.03017293
2.89473684 -478.87741591 -0.47836281
3.28947368 -478.93296225 -0.53390915
3.68421053 -478.76865885 -0.36960575
4.07894737 -478.62781768 -0.22876458
4.47368421 -478.50325547 -0.10420237
4.86842105 -478.39674139 0.00231171
5.26315789 -478.34913716 0.04991594
5.65789474 -478.38927784 0.00977526
6.05263158 -478.39463426 0.00441884
6.44736842 -478.40625182 -0.00719872
6.84210526 -478.40463144 -0.00557834
7.23684211 -478.40313260 -0.00407950
7.63157895 -478.40201645 -0.00296335
8.02631579 -478.40117253 -0.00211943
8.42105263 -478.40052474 -0.00147164
8.81578947 -478.40002120 -0.00096810
9.21052632 -478.39962400 -0.00057090
9.60526316 -478.39930863 -0.00025553
10.00000000 -478.39905310 0.00000000
