# C-Distance [A] BindingEnergy [eV]
2.488281194399999841e+00 4.050215440001920797e-01
2.636938934399999823e+00 1.324495980006759055e-01
2.794436314399999954e+00 -2.901323900005081668e-02
2.961298984399999945e+00 -1.130152090045157820e-01
3.138083814399999838e+00 -1.476076850012759678e-01
3.325380834399999763e+00 -1.530608230023062788e-01
3.523815104399999676e+00 -1.427553570028976537e-01
3.734048884399999935e+00 -1.248702680022688583e-01
3.956783824399999983e+00 -1.041884770020260476e-01
4.192763274399999851e+00 -8.361479300219798461e-02
4.442774784400000065e+00 -6.493291800143197179e-02
4.707652754399999750e+00 -4.903635400114580989e-02
4.988281194399999841e+00 -3.622826700302539393e-02
5.285596664399999867e+00 -2.627924999978858978e-02
5.600591434400000068e+00 -1.872322500275913626e-02
5.934316774400000050e+00 -1.311925899790367112e-02
6.287886444399999775e+00 -9.006047002912964672e-03
6.662480464399999747e+00 -6.200169002113398165e-03
7.059349004399999572e+00 -4.604077999829314649e-03
7.479816574400000029e+00 1.302439995924942195e-03
7.925286454400000125e+00 1.038161299948114902e-02
8.397245344399999922e+00 2.291369964950717986e-04
8.897268374400001179e+00 -3.243789979023858905e-04
9.427024324400001376e+00 -7.369800005108118057e-05
9.988281194400000729e+00 0.000000000000000000e+00
