# C-Distance [A] BindingEnergy [eV]
2.488281194399999841e+00 4.203480500000296161e-01
2.636938934399999823e+00 1.643093500000532003e-01
2.794436314399999954e+00 1.651015000004463218e-02
2.961298984399999945e+00 -5.725112000004628499e-02
3.138083814399999838e+00 -8.403295000005073234e-02
3.325380834399999763e+00 -8.418554000002131943e-02
3.523815104399999676e+00 -7.135189999996782717e-02
3.734048884399999935e+00 -5.479405000005499460e-02
3.956783824399999983e+00 -3.842355999995561433e-02
4.192763274399999851e+00 -2.526193000005605427e-02
4.442774784400000065e+00 -1.579211000000668719e-02
4.707652754399999750e+00 -9.098040000026230700e-03
4.988281194399999841e+00 -5.049669999948491750e-03
5.285596664399999867e+00 -2.554779999968559423e-03
5.600591434400000068e+00 -1.443340000037096615e-03
5.934316774400000050e+00 -7.415500000433894456e-04
6.287886444399999775e+00 -2.037100000507052755e-04
6.662480464399999747e+00 -4.400000000259751687e-05
7.059349004399999572e+00 -1.057700000046679634e-04
7.479816574400000029e+00 5.215999999563791789e-05
7.925286454400000125e+00 -2.173999999968145858e-04
8.397245344399999922e+00 -1.597899999978835694e-04
8.897268374400001179e+00 4.527999999481835403e-05
9.427024324400001376e+00 8.070000001225707820e-05
9.988281194400000729e+00 0.000000000000000000e+00
