# C-Distance [A] BindingEnergy [eV]
2.488281194399999841e+00 4.131638629987719469e-01
2.636938934399999823e+00 1.374072979961056262e-01
2.794436314399999954e+00 -2.620151700102724135e-02
2.961298984399999945e+00 -1.115658130001975223e-01
3.138083814399999838e+00 -1.469614620000356808e-01
3.325380834399999763e+00 -1.528498870029579848e-01
3.523815104399999676e+00 -1.427578410002752207e-01
3.734048884399999935e+00 -1.249607860008836724e-01
3.956783824399999983e+00 -1.043059279982117005e-01
4.192763274399999851e+00 -8.372571200015954673e-02
4.442774784400000065e+00 -6.502359900332521647e-02
4.707652754399999750e+00 -4.910857000504620373e-02
4.988281194399999841e+00 -3.627900499850511551e-02
5.285596664399999867e+00 -2.631261900387471542e-02
5.600591434400000068e+00 -1.874138499988475814e-02
5.934316774400000050e+00 -1.312585399864474311e-02
6.287886444399999775e+00 -9.007874003145843744e-03
6.662480464399999747e+00 -6.200645999342668802e-03
7.059349004399999572e+00 -4.659869002352934331e-03
7.479816574400000029e+00 1.174183998955413699e-03
7.925286454400000125e+00 1.077887199789984152e-02
8.397245344399999922e+00 1.813089984352700412e-04
8.897268374400001179e+00 -3.279099983046762645e-04
9.427024324400001376e+00 -7.418799941660836339e-05
9.988281194400000729e+00 0.000000000000000000e+00
