# C-Distance [A] BindingEnergy [eV]
2.488281194399999841e+00 5.003443700000502758e-01
2.636938934399999823e+00 1.802052500000286273e-01
2.794436314399999954e+00 -1.562159999997447812e-02
2.961298984399999945e+00 -1.224237099999641032e-01
3.138083814399999838e+00 -1.688115799999536648e-01
3.325380834399999763e+00 -1.768831599999884929e-01
3.523815104399999676e+00 -1.629365099999517952e-01
3.734048884399999935e+00 -1.384204199999885532e-01
3.956783824399999983e+00 -1.108641999999804284e-01
4.192763274399999851e+00 -8.470381999995879596e-02
4.442774784400000065e+00 -6.210887999998249143e-02
4.707652754399999750e+00 -4.396597999999585227e-02
4.988281194399999841e+00 -3.031168999996225466e-02
5.285596664399999867e+00 -2.050471999996261729e-02
5.600591434400000068e+00 -1.378186999994568396e-02
5.934316774400000050e+00 -9.314489999951547361e-03
6.287886444399999775e+00 -6.346089999965442985e-03
6.662480464399999747e+00 -4.324979999978495471e-03
7.059349004399999572e+00 -2.910679999956755637e-03
7.479816574400000029e+00 -1.892749999967691110e-03
7.925286454400000125e+00 -1.157929999976659019e-03
8.397245344399999922e+00 -6.388599999809230212e-04
8.897268374400001179e+00 -2.890799999590853986e-04
9.427024324400001376e+00 -7.552999994686615537e-05
9.988281194400000729e+00 0.000000000000000000e+00
