# C-Distance [A] BindingEnergy [eV]
2.488281194399999841e+00 4.995648400000050060e-01
2.636938934399999823e+00 1.797251500000243141e-01
2.794436314399999954e+00 -1.590619000000970118e-02
2.961298984399999945e+00 -1.225845499999991262e-01
3.138083814399999838e+00 -1.688971199999969031e-01
3.325380834399999763e+00 -1.769249800000238793e-01
3.523815104399999676e+00 -1.629543199999829994e-01
3.734048884399999935e+00 -1.384259399999905327e-01
3.956783824399999983e+00 -1.108641000000147869e-01
4.192763274399999851e+00 -8.470162999998365194e-02
4.442774784400000065e+00 -6.210629999998218409e-02
4.707652754399999750e+00 -4.396366999998235769e-02
4.988281194399999841e+00 -3.030991000002813962e-02
5.285596664399999867e+00 -2.050351999997701569e-02
5.600591434400000068e+00 -1.378110000001697699e-02
5.934316774400000050e+00 -9.313990000009653158e-03
6.287886444399999775e+00 -6.345780000003742316e-03
6.662480464399999747e+00 -4.324769999982436275e-03
7.059349004399999572e+00 -2.910530000008293428e-03
7.479816574400000029e+00 -1.892650000002049637e-03
7.925286454400000125e+00 -1.157850000026883208e-03
8.397245344399999922e+00 -6.388200000060351158e-04
8.897268374400001179e+00 -2.890499999921303242e-04
9.427024324400001376e+00 -7.551999999577674316e-05
9.988281194400000729e+00 0.000000000000000000e+00
