# C-Distance [A] BindingEnergy [eV]
2.488281194399999841e+00 4.287533499999653941e-01
2.636938934399999823e+00 1.695229399999789166e-01
2.794436314399999954e+00 1.951733999999305524e-02
2.961298984399999945e+00 -5.568288000006305083e-02
3.138083814399999838e+00 -8.333974000004218396e-02
3.325380834399999763e+00 -8.397422000007281895e-02
3.523815104399999676e+00 -7.136990000003606838e-02
3.734048884399999935e+00 -5.489450000004580943e-02
3.956783824399999983e+00 -3.853191000007427647e-02
4.192763274399999851e+00 -2.534896999998181855e-02
4.442774784400000065e+00 -1.585205000003497844e-02
4.707652754399999750e+00 -9.135080000078232842e-03
4.988281194399999841e+00 -5.070700000032957178e-03
5.285596664399999867e+00 -2.565720000006876944e-03
5.600591434400000068e+00 -1.448620000019218423e-03
5.934316774400000050e+00 -7.439500000145926606e-04
6.287886444399999775e+00 -2.046900000323148561e-04
6.662480464399999747e+00 -4.432000002907443559e-05
7.059349004399999572e+00 -1.058500000681306119e-04
7.479816574400000029e+00 5.215999999563791789e-05
7.925286454400000125e+00 -2.173999999968145858e-04
8.397245344399999922e+00 -1.598200000216820627e-04
8.897268374400001179e+00 4.527999999481835403e-05
9.427024324400001376e+00 8.070000001225707820e-05
9.988281194400000729e+00 0.000000000000000000e+00
