# C-Distance [A] BindingEnergy [eV]
2.488281194399999841e+00 4.318898100000296836e-01
2.636938934399999823e+00 1.538681600000018079e-01
2.794436314399999954e+00 -1.571224999997866689e-02
2.961298984399999945e+00 -1.085221199999750752e-01
3.138083814399999838e+00 -1.505928500000095482e-01
3.325380834399999763e+00 -1.609407400000009147e-01
3.523815104399999676e+00 -1.525321500000131891e-01
3.734048884399999935e+00 -1.342794999999910033e-01
3.956783824399999983e+00 -1.122135100000036800e-01
4.192763274399999851e+00 -9.014697999998588784e-02
4.442774784400000065e+00 -7.025292999998100640e-02
4.707652754399999750e+00 -5.354293999999981679e-02
4.988281194399999841e+00 -4.019089999997049745e-02
5.285596664399999867e+00 -2.985308000000941320e-02
5.600591434400000068e+00 -2.200011999997286694e-02
5.934316774400000050e+00 -1.608813000001418914e-02
6.287886444399999775e+00 -1.163930000001300868e-02
6.662480464399999747e+00 -8.279019999974934763e-03
7.059349004399999572e+00 -5.738280000002760062e-03
7.479816574400000029e+00 -3.814299999987724732e-03
7.925286454400000125e+00 -2.374139999972157966e-03
8.397245344399999922e+00 -1.324259999989862990e-03
8.897268374400001179e+00 -5.999800000040522718e-04
9.427024324400001376e+00 -1.575200000161203207e-04
9.988281194400000729e+00 0.000000000000000000e+00
