# C-Distance [A] BindingEnergy [eV]
2.488281194399999841e+00 4.132159979999414645e-01
2.636938934399999823e+00 1.371386059981887229e-01
2.794436314399999954e+00 -2.667873600148595870e-02
2.961298984399999945e+00 -1.121717190035269596e-01
3.138083814399999838e+00 -1.476423749991226941e-01
3.325380834399999763e+00 -1.535736010046093725e-01
3.523815104399999676e+00 -1.435033140005543828e-01
3.734048884399999935e+00 -1.257166150026023388e-01
3.956783824399999983e+00 -1.050637820007978007e-01
4.192763274399999851e+00 -8.448033899912843481e-02
4.442774784400000065e+00 -6.577245300286449492e-02
4.707652754399999750e+00 -4.984993900143308565e-02
4.988281194399999841e+00 -3.700908000610070303e-02
5.285596664399999867e+00 -2.702762700209859759e-02
5.600591434400000068e+00 -1.944075200299266726e-02
5.934316774400000050e+00 -1.380374700238462538e-02
6.287886444399999775e+00 -9.658269998908508569e-03
6.662480464399999747e+00 -6.643061999056953937e-03
7.059349004399999572e+00 -4.500105002080090344e-03
7.479816574400000029e+00 -2.980188000947237015e-03
7.925286454400000125e+00 -1.906113000586628914e-03
8.397245344399999922e+00 -1.146678005170542747e-03
8.897268374400001179e+00 -6.091840041335672140e-04
9.427024324400001376e+00 -2.506599994376301765e-04
9.988281194400000729e+00 0.000000000000000000e+00
