# C-Distance [A] BindingEnergy [eV]
2.488281194399999841e+00 4.409301200000186327e-01
2.636938934399999823e+00 1.595349699999815130e-01
2.794436314399999954e+00 -1.234537999999929525e-02
2.961298984399999945e+00 -1.066395699999702629e-01
3.138083814399999838e+00 -1.496110399999679430e-01
3.325380834399999763e+00 -1.604697899999791844e-01
3.523815104399999676e+00 -1.523304199999984121e-01
3.734048884399999935e+00 -1.342084899999917980e-01
3.956783824399999983e+00 -1.121997700000179066e-01
4.192763274399999851e+00 -9.015492999998286905e-02
4.442774784400000065e+00 -7.026654999998527273e-02
4.707652754399999750e+00 -5.355561999999736145e-02
4.988281194399999841e+00 -4.020042000001922133e-02
5.285596664399999867e+00 -2.985932000001412234e-02
5.600591434400000068e+00 -2.200376999996933591e-02
5.934316774400000050e+00 -1.609015999997609470e-02
6.287886444399999775e+00 -1.164012999998931264e-02
6.662480464399999747e+00 -8.279599999980291614e-03
7.059349004399999572e+00 -5.738650000012057717e-03
7.479816574400000029e+00 -3.814550000015515252e-03
7.925286454400000125e+00 -2.374159999988023628e-03
8.397245344399999922e+00 -1.324619999991227814e-03
8.897268374400001179e+00 -6.001599999763129745e-04
9.427024324400001376e+00 -1.577699999870674219e-04
9.988281194400000729e+00 0.000000000000000000e+00
