# C-Distance [A] BindingEnergy [eV]
2.488281194399999841e+00 4.295350600000347185e-01
2.636938934399999823e+00 1.699993299999960072e-01
2.794436314399999954e+00 1.979704000007131981e-02
2.961298984399999945e+00 -5.552625999996507744e-02
3.138083814399999838e+00 -8.325669999999263382e-02
3.325380834399999763e+00 -8.393309999996745319e-02
3.523815104399999676e+00 -7.135141999992811179e-02
3.734048884399999935e+00 -5.488724999997884879e-02
3.956783824399999983e+00 -3.852979999999206484e-02
4.192763274399999851e+00 -2.534882999998444575e-02
4.442774784400000065e+00 -1.585247000002709683e-02
4.707652754399999750e+00 -9.135469999932865903e-03
4.988281194399999841e+00 -5.070999999929881596e-03
5.285596664399999867e+00 -2.565870000012182572e-03
5.600591434400000068e+00 -1.448689999961061403e-03
5.934316774400000050e+00 -7.439600000225254917e-04
6.287886444399999775e+00 -2.046800000243820250e-04
6.662480464399999747e+00 -4.433000003700726666e-05
7.059349004399999572e+00 -1.058599999623766053e-04
7.479816574400000029e+00 5.214999998770508682e-05
7.925286454400000125e+00 -2.174100000047474168e-04
8.397245344399999922e+00 -1.598300000296148937e-04
8.897268374400001179e+00 4.527999999481835403e-05
9.427024324400001376e+00 8.069000000432424713e-05
9.988281194400000729e+00 0.000000000000000000e+00
