# C-Distance [A] BindingEnergy [eV]
2.488281194399999841e+00 4.401769300000069052e-01
2.636938934399999823e+00 1.590808700000252429e-01
2.794436314399999954e+00 -1.260860999997248655e-02
2.961298984399999945e+00 -1.067855000000008658e-01
3.138083814399999838e+00 -1.496879700000022240e-01
3.325380834399999763e+00 -1.605081199999744967e-01
3.523815104399999676e+00 -1.523483799999780786e-01
3.734048884399999935e+00 -1.342161899999609886e-01
3.956783824399999983e+00 -1.122027499999944666e-01
4.192763274399999851e+00 -9.015574999995124017e-02
4.442774784400000065e+00 -7.026662999999189196e-02
4.707652754399999750e+00 -5.355545999998412299e-02
4.988281194399999841e+00 -4.020023999999011721e-02
5.285596664399999867e+00 -2.985912999997708539e-02
5.600591434400000068e+00 -2.200364999998782878e-02
5.934316774400000050e+00 -1.609007999996947547e-02
6.287886444399999775e+00 -1.164006999999855907e-02
6.662480464399999747e+00 -8.279499999957806722e-03
7.059349004399999572e+00 -5.738589999964460731e-03
7.479816574400000029e+00 -3.814460000000963191e-03
7.925286454400000125e+00 -2.374099999997270061e-03
8.397245344399999922e+00 -1.324490000001787848e-03
8.897268374400001179e+00 -6.000899999776265759e-04
9.427024324400001376e+00 -1.576500000055602868e-04
9.988281194400000729e+00 0.000000000000000000e+00
