# C-Distance [A] TotalEnergy [eV] BindingEnergy [eV]
2.488281194399999841e+00 -4.866838531600000124e+02 4.383523999999852094e-01
2.636938934399999823e+00 -4.869649437699999908e+02 1.572617900000068403e-01
2.794436314399999954e+00 -4.871366261599999916e+02 -1.442059999999401043e-02
2.961298984399999945e+00 -4.872307963700000073e+02 -1.085908100000096965e-01
3.138083814399999838e+00 -4.872736910899999998e+02 -1.514855300000021998e-01
3.325380834399999763e+00 -4.872845030099999803e+02 -1.622974499999827458e-01
3.523815104399999676e+00 -4.872763335000000211e+02 -1.541279400000235000e-01
3.734048884399999935e+00 -4.872581908600000133e+02 -1.359853000000157408e-01
3.956783824399999983e+00 -4.872361647500000004e+02 -1.139591900000027636e-01
4.192763274399999851e+00 -4.872141043899999886e+02 -9.189882999999099411e-02
4.442774784400000065e+00 -4.871941973300000086e+02 -7.199177000001100168e-02
4.707652754399999750e+00 -4.871774639399999955e+02 -5.525837999999794192e-02
4.988281194399999841e+00 -4.871640847799999960e+02 -4.187921999999844047e-02
5.285596664399999867e+00 -4.871537135600000283e+02 -3.150800000003073364e-02
5.600591434400000068e+00 -4.871458200800000213e+02 -2.361452000002373097e-02
5.934316774400000050e+00 -4.871398640099999966e+02 -1.765844999999899301e-02
6.287886444399999775e+00 -4.871353569699999753e+02 -1.315140999997765903e-02
6.662480464399999747e+00 -4.871319287000000031e+02 -9.723140000005514594e-03
7.059349004399999572e+00 -4.871292999500000178e+02 -7.094390000020212028e-03
7.479816574400000029e+00 -4.871272708800000260e+02 -5.065320000028350478e-03
7.925286454400000125e+00 -4.871256946099999823e+02 -3.489049999984672468e-03
8.397245344399999922e+00 -4.871244690199999923e+02 -2.263459999994665850e-03
8.897268374400001179e+00 -4.871235046200000056e+02 -1.299060000008012139e-03
9.427024324400001376e+00 -4.871227635100000271e+02 -5.579500000294501660e-04
9.988281194400000729e+00 -4.871222055599999976e+02 0.000000000000000000e+00
