# C-Distance [A] TotalEnergy [eV] BindingEnergy [eV]
2.488281194399999841e+00 -4.860611219499999720e+02 4.300655000000119799e-01
2.636938934399999823e+00 -4.863391385300000138e+02 1.520489199999701668e-01
2.794436314399999954e+00 -4.865087119199999961e+02 -1.752447000001211563e-02
2.961298984399999945e+00 -4.866015153700000155e+02 -1.103279200000315541e-01
3.138083814399999838e+00 -4.866435781900000279e+02 -1.523907400000439338e-01
3.325380834399999763e+00 -4.866539178400000196e+02 -1.627303900000356407e-01
3.523815104399999676e+00 -4.866454994900000202e+02 -1.543120400000361769e-01
3.734048884399999935e+00 -4.866272364399999901e+02 -1.360489900000061425e-01
3.956783824399999983e+00 -4.866051576899999986e+02 -1.139702400000146554e-01
4.192763274399999851e+00 -4.865830780699999991e+02 -9.189062000001513297e-02
4.442774784400000065e+00 -4.865631659900000159e+02 -7.197854000003189867e-02
4.707652754399999750e+00 -4.865464338099999964e+02 -5.524636000001237335e-02
4.988281194399999841e+00 -4.865330577700000276e+02 -4.187032000004364818e-02
5.285596664399999867e+00 -4.865226897599999916e+02 -3.150231000000758286e-02
5.600591434400000068e+00 -4.865147986000000060e+02 -2.361115000002200759e-02
5.934316774400000050e+00 -4.865088443099999722e+02 -1.765685999998822808e-02
6.287886444399999775e+00 -4.865043384699999933e+02 -1.315102000000933913e-02
6.662480464399999747e+00 -4.865009105199999908e+02 -9.723070000006828195e-03
7.059349004399999572e+00 -4.864982820500000003e+02 -7.094600000016271224e-03
7.479816574400000029e+00 -4.864962530199999833e+02 -5.065569999999297579e-03
7.925286454400000125e+00 -4.864946768600000269e+02 -3.489410000042880711e-03
8.397245344399999922e+00 -4.864934510599999840e+02 -2.263609999999971478e-03
8.897268374400001179e+00 -4.864924868400000264e+02 -1.299390000042421889e-03
9.427024324400001376e+00 -4.864917457700000227e+02 -5.583200000387478212e-04
9.988281194400000729e+00 -4.864911874499999840e+02 0.000000000000000000e+00
