# C-Distance [A] TotalEnergy [eV] BindingEnergy [eV]
2.488281194399999841e+00 -4.867867079800000170e+02 4.391053200000101242e-01
2.636938934399999823e+00 -4.870680976799999939e+02 1.577156200000331410e-01
2.794436314399999954e+00 -4.872399708600000281e+02 -1.415756000000101267e-02
2.961298984399999945e+00 -4.873342584600000009e+02 -1.084451599999738391e-01
3.138083814399999838e+00 -4.873772221199999990e+02 -1.514088199999719109e-01
3.325380834399999763e+00 -4.873880726799999934e+02 -1.622593799999663133e-01
3.523815104399999676e+00 -4.873799235299999850e+02 -1.541102299999579373e-01
3.734048884399999935e+00 -4.873617910500000221e+02 -1.359777499999950123e-01
3.956783824399999983e+00 -4.873397697500000163e+02 -1.139564499999892178e-01
4.192763274399999851e+00 -4.873177113899999995e+02 -9.189808999997239880e-02
4.442774784400000065e+00 -4.872978052400000024e+02 -7.199193999997532956e-02
4.707652754399999750e+00 -4.872810721600000079e+02 -5.525885999998081388e-02
4.988281194399999841e+00 -4.872676930000000084e+02 -4.187969999998131243e-02
5.285596664399999867e+00 -4.872573217699999759e+02 -3.150846999994882935e-02
5.600591434400000068e+00 -4.872494282600000020e+02 -2.361495999997487161e-02
5.934316774400000050e+00 -4.872434721800000261e+02 -1.765887999999904423e-02
6.287886444399999775e+00 -4.872389650299999744e+02 -1.315172999994729253e-02
6.662480464399999747e+00 -4.872355367100000194e+02 -9.723409999992327357e-03
7.059349004399999572e+00 -4.872329080900000235e+02 -7.094789999996464758e-03
7.479816574400000029e+00 -4.872308790100000238e+02 -5.065709999996670376e-03
7.925286454400000125e+00 -4.872293027499999880e+02 -3.489449999960925197e-03
8.397245344399999922e+00 -4.872280770899999993e+02 -2.263789999972232181e-03
8.897268374400001179e+00 -4.872271130600000220e+02 -1.299759999994876125e-03
9.427024324400001376e+00 -4.872263716100000011e+02 -5.583099999739715713e-04
9.988281194400000729e+00 -4.872258133000000271e+02 0.000000000000000000e+00
