# C-Distance [A] TotalEnergy [eV] BindingEnergy [eV]
2.488281194399999841e+00 -5.314045199400000001e+02 4.294942799999716954e-01
2.636938934399999823e+00 -5.316638791200000469e+02 1.701350999999249325e-01
2.794436314399999954e+00 -5.318143562400000519e+02 1.965797999991991674e-02
2.961298984399999945e+00 -5.318896174200000360e+02 -5.560320000006413466e-02
3.138083814399999838e+00 -5.319175153099999989e+02 -8.350109000002703397e-02
3.325380834399999763e+00 -5.319181399499999543e+02 -8.412572999998246814e-02
3.523815104399999676e+00 -5.319055548500000441e+02 -7.154063000007226947e-02
3.734048884399999935e+00 -5.318889076399999567e+02 -5.489341999998487154e-02
3.956783824399999983e+00 -5.318727927400000226e+02 -3.877852000005077571e-02
4.192763274399999851e+00 -5.318596474500000113e+02 -2.563323000003947527e-02
4.442774784400000065e+00 -5.318498358099999450e+02 -1.582158999997318460e-02
4.707652754399999750e+00 -5.318434106700000257e+02 -9.396450000053846452e-03
4.988281194399999841e+00 -5.318392607700000099e+02 -5.246550000038041617e-03
5.285596664399999867e+00 -5.318367737199999965e+02 -2.759500000024672772e-03
5.600591434400000068e+00 -5.318353938300000436e+02 -1.379610000071807008e-03
5.934316774400000050e+00 -5.318347356799999943e+02 -7.214600000224891119e-04
6.287886444399999775e+00 -5.318344079299999976e+02 -3.937100000257487409e-04
6.662480464399999747e+00 -5.318341890100000455e+02 -1.747900000736990478e-04
7.059349004399999572e+00 -5.318341937899999721e+02 -1.795700000002398156e-04
7.479816574400000029e+00 -5.318341646899999660e+02 -1.504699999941294664e-04
7.925286454400000125e+00 -5.318340557699999636e+02 -4.154999999173014658e-05
8.397245344399999922e+00 -5.318340759799999660e+02 -6.175999999413761543e-05
8.897268374400001179e+00 -5.318339980900000228e+02 1.612999994904384948e-05
9.427024324400001376e+00 -5.318340591200000063e+02 -4.490000003443128662e-05
9.988281194400000729e+00 -5.318340142199999718e+02 0.000000000000000000e+00
