# C-Distance [A] TotalEnergy [eV] BindingEnergy [eV]
2.488281194399999841e+00 -5.312950684899999487e+02 4.287125900000319234e-01
2.636938934399999823e+00 -5.315541221900000437e+02 1.696588899999369460e-01
2.794436314399999954e+00 -5.317044026600000279e+02 1.937841999995271181e-02
2.961298984399999945e+00 -5.317795409499999550e+02 -5.575986999997439852e-02
3.138083814399999838e+00 -5.318073652000000493e+02 -8.358412000006865128e-02
3.325380834399999763e+00 -5.318079478700000209e+02 -8.416679000004023692e-02
3.523815104399999676e+00 -5.317953401700000313e+02 -7.155909000005067355e-02
3.734048884399999935e+00 -5.317786817999999585e+02 -5.490071999997780949e-02
3.956783824399999983e+00 -5.317625617800000555e+02 -3.878070000007483031e-02
4.192763274399999851e+00 -5.317494145699999990e+02 -2.563349000001835520e-02
4.442774784400000065e+00 -5.317396023699999432e+02 -1.582128999996257335e-02
4.707652754399999750e+00 -5.317331772999999657e+02 -9.396219999985078175e-03
4.988281194399999841e+00 -5.317290275399999473e+02 -5.246459999966646137e-03
5.285596664399999867e+00 -5.317265405800000053e+02 -2.759500000024672772e-03
5.600591434400000068e+00 -5.317251607199999626e+02 -1.379639999981918663e-03
5.934316774400000050e+00 -5.317245026499999767e+02 -7.215699999960634159e-04
6.287886444399999775e+00 -5.317241748999999800e+02 -3.938199999993230449e-04
6.662480464399999747e+00 -5.317239558899999565e+02 -1.748099999758778722e-04
7.059349004399999572e+00 -5.317239606900000126e+02 -1.796100000319711398e-04
7.479816574400000029e+00 -5.317239314900000409e+02 -1.504100000602193177e-04
7.925286454400000125e+00 -5.317238225900000543e+02 -4.151000007368566003e-05
8.397245344399999922e+00 -5.317238427300000012e+02 -6.165000002056331141e-05
8.897268374400001179e+00 -5.317237648200000422e+02 1.625999993848381564e-05
9.427024324400001376e+00 -5.317238258600000336e+02 -4.478000005292415153e-05
9.988281194400000729e+00 -5.317237810799999806e+02 0.000000000000000000e+00
