# C-Distance [A] TotalEnergy [eV] BindingEnergy [eV]
2.488281194399999841e+00 -3.937989374399999747e+02 4.994331600000236904e-01
2.636938934399999823e+00 -3.941190739400000211e+02 1.792966599999772370e-01
2.794436314399999954e+00 -3.943148957799999721e+02 -1.652517999997371589e-02
2.961298984399999945e+00 -3.944216944699999772e+02 -1.233238699999787968e-01
3.138083814399999838e+00 -3.944680781000000138e+02 -1.697075000000154432e-01
3.325380834399999763e+00 -3.944761465199999861e+02 -1.777759199999877637e-01
3.523815104399999676e+00 -3.944621959500000230e+02 -1.638253500000246277e-01
3.734048884399999935e+00 -3.944376766999999973e+02 -1.393060999999988780e-01
3.956783824399999983e+00 -3.944101165600000058e+02 -1.117459600000074715e-01
4.192763274399999851e+00 -3.943839550000000145e+02 -8.558440000001610315e-02
4.442774784400000065e+00 -3.943613532900000109e+02 -6.298269000001255336e-02
4.707652754399999750e+00 -3.943432002299999795e+02 -4.482962999998107989e-02
4.988281194399999841e+00 -3.943295359900000108e+02 -3.116539000001239401e-02
5.285596664399999867e+00 -3.943197149800000147e+02 -2.134438000001637192e-02
5.600591434400000068e+00 -3.943129739099999824e+02 -1.460330999998404877e-02
5.934316774400000050e+00 -3.943084854699999937e+02 -1.011486999999533509e-02
6.287886444399999775e+00 -3.943054864599999974e+02 -7.115859999998974672e-03
6.662480464399999747e+00 -3.943034299199999850e+02 -5.059319999986655603e-03
7.059349004399999572e+00 -3.943019676200000276e+02 -3.597020000029260700e-03
7.479816574400000029e+00 -3.943008950299999924e+02 -2.524429999994026730e-03
7.925286454400000125e+00 -3.943000903000000221e+02 -1.719700000023749453e-03
8.397245344399999922e+00 -3.942994785299999876e+02 -1.107929999989210046e-03
8.897268374400001179e+00 -3.942990003300000126e+02 -6.297300000142058707e-04
9.427024324400001376e+00 -3.942986378300000183e+02 -2.672300000199356873e-04
9.988281194400000729e+00 -3.942983705999999984e+02 0.000000000000000000e+00
