# C-Distance [A] TotalEnergy [eV] BindingEnergy [eV]
2.488281194399999841e+00 -3.936970072500000128e+02 4.986538499999824126e-01
2.636938934399999823e+00 -3.940168441499999972e+02 1.788169499999980872e-01
2.794436314399999954e+00 -3.942124705499999777e+02 -1.680944999998246203e-02
2.961298984399999945e+00 -3.943191457199999945e+02 -1.234846199999992677e-01
3.138083814399999838e+00 -3.943654540900000143e+02 -1.697929900000190173e-01
3.325380834399999763e+00 -3.943734786599999893e+02 -1.778175599999940459e-01
3.523815104399999676e+00 -3.943595042200000194e+02 -1.638431200000241006e-01
3.734048884399999935e+00 -3.943349727699999789e+02 -1.393116699999836783e-01
3.956783824399999983e+00 -3.943074068500000067e+02 -1.117457500000114123e-01
4.192763274399999851e+00 -3.942812432599999966e+02 -8.558216000000129497e-02
4.442774784400000065e+00 -3.942586412399999745e+02 -6.298013999997920109e-02
4.707652754399999750e+00 -3.942404883799999880e+02 -4.482727999999269741e-02
4.988281194399999841e+00 -3.942268247499999916e+02 -3.116364999999632346e-02
5.285596664399999867e+00 -3.942170042700000181e+02 -2.134317000002283748e-02
5.600591434400000068e+00 -3.942102635800000030e+02 -1.460248000000774482e-02
5.934316774400000050e+00 -3.942057754599999839e+02 -1.011435999998866464e-02
6.287886444399999775e+00 -3.942027766400000246e+02 -7.115540000029341172e-03
6.662480464399999747e+00 -3.942007201999999779e+02 -5.059099999982663576e-03
7.059349004399999572e+00 -3.941992579299999875e+02 -3.596829999992223748e-03
7.479816574400000029e+00 -3.941981853799999840e+02 -2.524279999988721102e-03
7.925286454400000125e+00 -3.941973807100000045e+02 -1.719610000009197393e-03
8.397245344399999922e+00 -3.941967689900000096e+02 -1.107890000014322140e-03
8.897268374400001179e+00 -3.941962907999999857e+02 -6.296999999904073775e-04
9.427024324400001376e+00 -3.941959283099999993e+02 -2.672100000040700252e-04
9.988281194400000729e+00 -3.941956610999999953e+02 0.000000000000000000e+00
