# Distance(A) TotalEnergy(eV) BindingEnergy(eV)
2.50000000 -474.13671875 0.92266846
2.81250000 -474.81460571 0.24478149
3.12500000 -474.97204590 0.08734131
3.43750000 -475.03115845 0.02822876
3.75000000 -475.05969238 -0.00030518
4.06250000 -475.10836792 -0.04898071
4.37500000 -475.14257812 -0.08319092
4.68750000 -475.09796143 -0.03857422
5.00000000 -475.09106445 -0.03167725
5.31250000 -475.10137939 -0.04199219
5.62500000 -475.07092285 -0.01153564
5.93750000 -475.05255127 0.00683594
6.25000000 -475.05813599 0.00125122
6.56250000 -475.05938721 0.00000000
6.87500000 -475.05938721 0.00000000
7.18750000 -475.05938721 0.00000000
7.50000000 -475.05938721 0.00000000
7.81250000 -475.05938721 0.00000000
8.12500000 -475.05938721 0.00000000
8.43750000 -475.05938721 0.00000000
8.75000000 -475.05938721 0.00000000
9.06250000 -475.05938721 0.00000000
9.37500000 -475.05938721 0.00000000
9.68750000 -475.05938721 0.00000000
10.00000000 -475.05938721 0.00000000
